25
-1 -1 -1 80 118 -1 46 -1 181 -1 225 -1 -1 -1 -1 -1 135 -1 13 -1 256 -1 -1 77 -1
-1 -1 -1 -1 40 -1 299 -1 136 -1 127 -1 -1 -1 -1 -1 48 -1 -1 110 -1 -1 -1 39 -1
-1 -1 -1 155 -1 -1 -1 -1 -1 -1 -1 -1 -1 277 276 -1 -1 -1 -1 -1 -1 -1 198 -1 41
80 -1 155 -1 -1 -1 -1 -1 -1 62 -1 -1 -1 -1 -1 -1 -1 297 -1 -1 -1 4 -1 -1 -1
118 40 -1 -1 -1 -1 -1 -1 -1 -1 -1 -1 -1 -1 30 -1 -1 -1 -1 -1 -1 -1 -1 -1 -1
-1 -1 -1 -1 -1 -1 230 -1 73 -1 -1 -1 -1 -1 217 -1 -1 -1 193 -1 -1 -1 -1 -1 -1
46 299 -1 -1 -1 230 -1 233 -1 -1 -1 -1 -1 -1 -1 -1 -1 -1 -1 -1 -1 -1 142 14 -1
-1 -1 -1 -1 -1 -1 233 -1 -1 -1 -1 -1 -1 -1 -1 -1 -1 -1 -1 11 -1 -1 182 -1 -1
181 136 -1 -1 -1 73 -1 -1 -1 -1 -1 -1 -1 -1 182 -1 -1 -1 -1 -1 -1 -1 -1 164 -1
-1 -1 -1 62 -1 -1 -1 -1 -1 -1 -1 90 86 -1 172 -1 -1 233 -1 -1 62 -1 -1 245 -1
225 127 -1 -1 -1 -1 -1 -1 -1 -1 -1 -1 -1 -1 -1 122 -1 -1 -1 150 217 -1 -1 -1 -1
-1 -1 -1 -1 -1 -1 -1 -1 -1 90 -1 -1 -1 -1 295 -1 246 -1 -1 -1 -1 -1 16 141 -1
-1 -1 -1 -1 -1 -1 -1 -1 -1 86 -1 -1 -1 294 8 169 -1 -1 37 -1 -1 -1 -1 -1 15
-1 -1 277 -1 -1 -1 -1 -1 -1 -1 -1 -1 294 -1 -1 -1 -1 -1 201 -1 53 -1 198 -1 -1
-1 -1 276 -1 30 217 -1 -1 182 172 -1 295 8 -1 -1 -1 140 -1 -1 -1 -1 139 -1 152 -1
-1 -1 -1 -1 -1 -1 -1 -1 -1 -1 122 -1 169 -1 -1 -1 100 -1 -1 -1 -1 136 239 60 246
135 48 -1 -1 -1 -1 -1 -1 -1 -1 -1 246 -1 -1 140 100 -1 -1 -1 -1 289 204 112 -1 283
-1 -1 -1 297 -1 -1 -1 -1 -1 233 -1 -1 -1 -1 -1 -1 -1 -1 -1 191 -1 -1 -1 -1 -1
13 -1 -1 -1 -1 193 -1 -1 -1 -1 -1 -1 37 201 -1 -1 -1 -1 -1 172 -1 -1 -1 98 -1
-1 110 -1 -1 -1 -1 -1 11 -1 -1 150 -1 -1 -1 -1 -1 -1 191 172 -1 288 287 -1 -1 91
256 -1 -1 -1 -1 -1 -1 -1 -1 62 217 -1 -1 53 -1 -1 289 -1 -1 288 -1 91 -1 248 214
-1 -1 -1 4 -1 -1 -1 -1 -1 -1 -1 -1 -1 -1 139 136 204 -1 -1 287 91 -1 239 -1 -1
-1 -1 198 -1 -1 -1 142 182 -1 -1 -1 16 -1 198 -1 239 112 -1 -1 -1 -1 239 -1 227 31
77 39 -1 -1 -1 -1 14 -1 164 245 -1 141 -1 -1 152 60 -1 -1 98 -1 248 -1 227 -1 252
-1 -1 41 -1 -1 -1 -1 -1 -1 -1 -1 -1 15 -1 -1 246 283 -1 -1 91 214 -1 31 252 -1
