50
-1 -1 -1 -1 -1 31 -1 -1 -1 -1 -1 -1 -1 -1 -1 -1 171 56 -1 -1 -1 -1 222 -1 -1 -1 -1 -1 -1 -1 -1 -1 111 -1 -1 -1 -1 -1 -1 -1 -1 -1 -1 -1 174 -1 -1 241 -1 -1
-1 -1 -1 -1 -1 186 -1 -1 -1 -1 -1 -1 -1 -1 -1 -1 -1 -1 -1 -1 -1 -1 -1 -1 -1 -1 -1 -1 -1 277 -1 -1 -1 -1 -1 -1 -1 262 -1 -1 -1 -1 -1 -1 -1 -1 -1 -1 -1 -1
-1 -1 -1 -1 -1 -1 -1 108 -1 -1 -1 -1 -1 -1 -1 -1 -1 -1 260 -1 -1 -1 -1 -1 -1 -1 -1 -1 58 -1 58 -1 -1 -1 -1 125 -1 -1 -1 -1 -1 -1 -1 -1 -1 -1 -1 -1 -1 -1
-1 -1 -1 -1 -1 -1 -1 -1 -1 -1 -1 -1 -1 30 -1 267 -1 -1 -1 -1 -1 -1 -1 -1 152 -1 -1 -1 46 -1 -1 144 35 82 -1 -1 135 237 -1 -1 -1 -1 -1 -1 -1 27 -1 -1 -1 -1
-1 -1 -1 -1 -1 -1 -1 -1 -1 -1 286 41 236 -1 233 -1 67 248 -1 -1 -1 6 -1 -1 261 -1 -1 -1 -1 -1 -1 -1 -1 -1 -1 -1 -1 -1 -1 -1 -1 -1 -1 -1 -1 -1 -1 -1 -1 -1
31 186 -1 -1 -1 -1 -1 128 -1 -1 -1 -1 -1 -1 -1 -1 -1 -1 -1 279 -1 -1 -1 -1 -1 -1 -1 -1 -1 -1 24 -1 -1 34 -1 -1 -1 -1 202 -1 -1 -1 -1 -1 -1 -1 -1 -1 -1 -1
-1 -1 -1 -1 -1 -1 -1 -1 -1 -1 -1 -1 155 -1 -1 -1 -1 -1 -1 -1 4 -1 -1 -1 253 -1 -1 -1 -1 -1 -1 -1 -1 -1 -1 -1 -1 -1 266 -1 -1 -1 -1 120 -1 -1 -1 -1 -1 -1
-1 -1 108 -1 -1 128 -1 -1 -1 -1 111 -1 -1 -1 -1 -1 -1 -1 -1 -1 -1 -1 -1 -1 -1 -1 -1 -1 -1 -1 -1 -1 -1 -1 -1 6 -1 271 -1 -1 -1 -1 -1 88 -1 103 -1 -1 -1 84
-1 -1 -1 -1 -1 -1 -1 -1 -1 -1 -1 -1 -1 -1 -1 -1 196 -1 -1 -1 -1 -1 -1 44 -1 -1 -1 118 -1 -1 -1 283 -1 -1 -1 -1 -1 -1 -1 -1 -1 -1 -1 -1 -1 -1 -1 -1 -1 -1
-1 -1 -1 -1 -1 -1 -1 -1 -1 -1 -1 -1 -1 -1 -1 -1 -1 225 -1 88 -1 -1 -1 -1 -1 -1 -1 -1 64 -1 -1 -1 -1 250 -1 -1 -1 -1 -1 -1 -1 -1 -1 -1 198 -1 -1 -1 -1 -1
-1 -1 -1 -1 286 -1 -1 111 -1 -1 -1 -1 -1 17 143 -1 -1 -1 -1 -1 243 -1 -1 -1 211 236 -1 -1 -1 -1 -1 -1 -1 -1 -1 -1 -1 174 2 -1 -1 -1 -1 -1 -1 166 -1 -1 -1 -1
-1 -1 -1 -1 41 -1 -1 -1 -1 -1 -1 -1 -1 -1 -1 -1 74 -1 -1 -1 94 -1 -1 -1 -1 -1 -1 -1 -1 -1 62 294 -1 -1 -1 -1 -1 -1 -1 -1 17 -1 141 185 -1 -1 -1 -1 -1 -1
-1 -1 -1 -1 236 -1 155 -1 -1 -1 -1 -1 -1 -1 -1 253 -1 -1 -1 -1 -1 41 150 -1 34 44 -1 -1 -1 -1 217 76 -1 -1 -1 -1 -1 -1 -1 -1 231 -1 -1 -1 -1 -1 -1 -1 -1 -1
-1 -1 -1 30 -1 -1 -1 -1 -1 -1 17 -1 -1 -1 -1 -1 -1 -1 -1 -1 -1 -1 -1 -1 -1 -1 -1 -1 -1 -1 -1 -1 67 -1 -1 -1 -1 -1 -1 276 -1 -1 -1 -1 119 -1 272 -1 -1 -1
-1 -1 -1 -1 233 -1 -1 -1 -1 -1 143 -1 -1 -1 -1 -1 -1 275 67 -1 -1 109 -1 -1 -1 -1 53 -1 -1 -1 -1 -1 -1 -1 -1 -1 -1 -1 -1 -1 -1 -1 180 -1 -1 -1 -1 -1 -1 75
-1 -1 -1 267 -1 -1 -1 -1 -1 -1 -1 -1 253 -1 -1 -1 91 -1 -1 -1 53 -1 -1 -1 -1 -1 -1 -1 -1 -1 126 -1 -1 -1 -1 -1 -1 -1 -1 -1 -1 -1 -1 -1 -1 -1 19 -1 -1 -1
171 -1 -1 -1 67 -1 -1 -1 196 -1 -1 74 -1 -1 -1 91 -1 -1 -1 -1 -1 -1 -1 -1 -1 291 -1 -1 -1 -1 -1 -1 179 -1 -1 -1 -1 -1 -1 107 -1 -1 -1 -1 -1 -1 -1 -1 -1 -1
56 -1 -1 -1 248 -1 -1 -1 -1 225 -1 -1 -1 -1 275 -1 -1 -1 -1 -1 -1 103 -1 -1 -1 -1 -1 -1 206 294 178 -1 -1 -1 -1 -1 -1 47 244 187 -1 -1 -1 67 117 -1 68 -1 137 -1
-1 -1 260 -1 -1 -1 -1 -1 -1 -1 -1 -1 -1 -1 67 -1 -1 -1 -1 -1 189 -1 -1 -1 -1 -1 -1 -1 -1 -1 -1 -1 -1 -1 -1 -1 -1 -1 -1 9 -1 31 259 140 -1 -1 -1 -1 -1 -1
-1 -1 -1 -1 -1 279 -1 -1 -1 88 -1 -1 -1 -1 -1 -1 -1 -1 -1 -1 -1 -1 -1 -1 139 -1 -1 -1 -1 30 -1 211 -1 -1 -1 -1 -1 108 287 -1 -1 -1 287 -1 -1 -1 -1 -1 -1 -1
-1 -1 -1 -1 -1 -1 4 -1 -1 -1 243 94 -1 -1 -1 53 -1 -1 189 -1 -1 49 -1 -1 -1 129 -1 -1 -1 169 35 257 -1 -1 5 -1 -1 -1 -1 -1 -1 -1 -1 -1 -1 -1 -1 -1 -1 -1
-1 -1 -1 -1 6 -1 -1 -1 -1 -1 -1 -1 41 -1 109 -1 -1 103 -1 -1 49 -1 -1 -1 -1 -1 -1 -1 -1 -1 -1 -1 -1 -1 -1 -1 -1 -1 -1 -1 -1 -1 -1 -1 -1 -1 -1 -1 -1 -1
222 -1 -1 -1 -1 -1 -1 -1 -1 -1 -1 -1 150 -1 -1 -1 -1 -1 -1 -1 -1 -1 -1 -1 199 -1 -1 -1 -1 -1 -1 -1 222 -1 -1 -1 -1 -1 -1 -1 -1 47 -1 -1 154 -1 -1 -1 81 -1
-1 -1 -1 -1 -1 -1 -1 -1 44 -1 -1 -1 -1 -1 -1 -1 -1 -1 -1 -1 -1 -1 -1 -1 -1 16 227 -1 -1 -1 8 -1 22 -1 -1 -1 -1 -1 -1 -1 -1 51 -1 -1 -1 -1 -1 -1 -1 -1
-1 -1 -1 152 261 -1 253 -1 -1 -1 211 -1 34 -1 -1 -1 -1 -1 -1 139 -1 -1 199 -1 -1 -1 -1 54 -1 -1 -1 -1 -1 -1 -1 295 -1 -1 -1 -1 -1 -1 -1 -1 -1 235 -1 -1 18 -1
-1 -1 -1 -1 -1 -1 -1 -1 -1 -1 236 -1 44 -1 -1 -1 291 -1 -1 -1 129 -1 -1 16 -1 -1 -1 -1 -1 -1 -1 -1 -1 -1 -1 -1 59 -1 -1 -1 -1 -1 276 -1 -1 134 164 52 -1 -1
-1 -1 -1 -1 -1 -1 -1 -1 -1 -1 -1 -1 -1 -1 53 -1 -1 -1 -1 -1 -1 -1 -1 227 -1 -1 -1 -1 -1 -1 -1 106 -1 -1 -1 -1 -1 9 -1 -1 -1 -1 -1 239 -1 -1 -1 -1 -1 -1
-1 -1 -1 -1 -1 -1 -1 -1 118 -1 -1 -1 -1 -1 -1 -1 -1 -1 -1 -1 -1 -1 -1 -1 54 -1 -1 -1 -1 -1 148 -1 289 -1 -1 -1 -1 -1 -1 7 -1 -1 -1 -1 35 61 -1 -1 -1 -1
-1 -1 58 46 -1 -1 -1 -1 -1 64 -1 -1 -1 -1 -1 -1 -1 206 -1 -1 -1 -1 -1 -1 -1 -1 -1 -1 -1 -1 89 -1 -1 119 -1 -1 -1 -1 -1 229 31 -1 -1 176 -1 -1 -1 -1 -1 44
-1 277 -1 -1 -1 -1 -1 -1 -1 -1 -1 -1 -1 -1 -1 -1 -1 294 -1 30 169 -1 -1 -1 -1 -1 -1 -1 -1 -1 -1 -1 294 -1 24 -1 -1 -1 -1 -1 -1 -1 -1 -1 -1 286 -1 -1 248 -1
-1 -1 58 -1 -1 24 -1 -1 -1 -1 -1 62 217 -1 -1 126 -1 178 -1 -1 35 -1 -1 8 -1 -1 -1 148 89 -1 -1 -1 224 -1 107 258 -1 -1 -1 -1 -1 -1 -1 224 -1 -1 -1 -1 -1 95
-1 -1 -1 144 -1 -1 -1 -1 283 -1 -1 294 76 -1 -1 -1 -1 -1 -1 211 257 -1 -1 -1 -1 -1 106 -1 -1 -1 -1 -1 242 -1 -1 -1 -1 247 -1 262 -1 -1 213 -1 -1 -1 186 -1 -1 265
111 -1 -1 35 -1 -1 -1 -1 -1 -1 -1 -1 -1 67 -1 -1 179 -1 -1 -1 -1 -1 222 22 -1 -1 -1 289 -1 294 224 242 -1 -1 -1 -1 -1 -1 120 -1 -1 -1 110 -1 -1 241 -1 -1 -1 -1
-1 -1 -1 82 -1 34 -1 -1 -1 250 -1 -1 -1 -1 -1 -1 -1 -1 -1 -1 -1 -1 -1 -1 -1 -1 -1 -1 119 -1 -1 -1 -1 -1 -1 65 162 -1 169 -1 -1 -1 -1 -1 -1 111 -1 -1 -1 185
-1 -1 -1 -1 -1 -1 -1 -1 -1 -1 -1 -1 -1 -1 -1 -1 -1 -1 -1 -1 5 -1 -1 -1 -1 -1 -1 -1 -1 24 107 -1 -1 -1 -1 -1 71 -1 236 -1 -1 112 188 -1 -1 -1 138 -1 -1 -1
-1 -1 125 -1 -1 -1 -1 6 -1 -1 -1 -1 -1 -1 -1 -1 -1 -1 -1 -1 -1 -1 -1 -1 295 -1 -1 -1 -1 -1 258 -1 -1 65 -1 -1 -1 212 240 162 299 -1 -1 -1 171 -1 92 -1 -1 40
-1 -1 -1 135 -1 -1 -1 -1 -1 -1 -1 -1 -1 -1 -1 -1 -1 -1 -1 -1 -1 -1 -1 -1 -1 59 -1 -1 -1 -1 -1 -1 -1 162 71 -1 -1 -1 -1 -1 -1 149 -1 174 -1 86 -1 -1 -1 190
-1 262 -1 237 -1 -1 -1 271 -1 -1 174 -1 -1 -1 -1 -1 -1 47 -1 108 -1 -1 -1 -1 -1 -1 9 -1 -1 -1 -1 247 -1 -1 -1 212 -1 -1 -1 66 276 16 187 -1 294 -1 -1 -1 297 152
-1 -1 -1 -1 -1 202 266 -1 -1 -1 2 -1 -1 -1 -1 -1 -1 244 -1 287 -1 -1 -1 -1 -1 -1 -1 -1 -1 -1 -1 -1 120 169 236 240 -1 -1 -1 -1 252 257 -1 218 -1 -1 -1 -1 -1 -1
-1 -1 -1 -1 -1 -1 -1 -1 -1 -1 -1 -1 -1 276 -1 -1 107 187 9 -1 -1 -1 -1 -1 -1 -1 -1 7 229 -1 -1 262 -1 -1 -1 162 -1 66 -1 -1 -1 188 -1 -1 -1 -1 -1 -1 55 -1
-1 -1 -1 -1 -1 -1 -1 -1 -1 -1 -1 17 231 -1 -1 -1 -1 -1 -1 -1 -1 -1 -1 -1 -1 -1 -1 -1 31 -1 -1 -1 -1 -1 -1 299 -1 276 252 -1 -1 -1 11 266 -1 -1 55 20 -1 -1
-1 -1 -1 -1 -1 -1 -1 -1 -1 -1 -1 -1 -1 -1 -1 -1 -1 -1 31 -1 -1 -1 47 51 -1 -1 -1 -1 -1 -1 -1 -1 -1 -1 112 -1 149 16 257 188 -1 -1 -1 14 -1 -1 235 263 -1 -1
-1 -1 -1 -1 -1 -1 -1 -1 -1 -1 -1 141 -1 -1 180 -1 -1 -1 259 287 -1 -1 -1 -1 -1 276 -1 -1 -1 -1 -1 213 110 -1 188 -1 -1 187 -1 -1 11 -1 -1 -1 56 43 209 167 246 -1
-1 -1 -1 -1 -1 -1 120 88 -1 -1 -1 185 -1 -1 -1 -1 -1 67 140 -1 -1 -1 -1 -1 -1 -1 239 -1 176 -1 224 -1 -1 -1 -1 -1 174 -1 218 -1 266 14 -1 -1 148 128 96 12 -1 258
174 -1 -1 -1 -1 -1 -1 -1 -1 198 -1 -1 -1 119 -1 -1 -1 117 -1 -1 -1 -1 154 -1 -1 -1 -1 35 -1 -1 -1 -1 -1 -1 -1 171 -1 294 -1 -1 -1 -1 56 148 -1 -1 -1 155 54 -1
-1 -1 -1 27 -1 -1 -1 103 -1 -1 166 -1 -1 -1 -1 -1 -1 -1 -1 -1 -1 -1 -1 -1 235 134 -1 61 -1 286 -1 -1 241 111 -1 -1 86 -1 -1 -1 -1 -1 43 128 -1 -1 3 91 -1 -1
-1 -1 -1 -1 -1 -1 -1 -1 -1 -1 -1 -1 -1 272 -1 19 -1 68 -1 -1 -1 -1 -1 -1 -1 164 -1 -1 -1 -1 -1 186 -1 -1 138 92 -1 -1 -1 -1 55 235 209 96 -1 3 -1 64 84 -1
241 -1 -1 -1 -1 -1 -1 -1 -1 -1 -1 -1 -1 -1 -1 -1 -1 -1 -1 -1 -1 -1 -1 -1 -1 52 -1 -1 -1 -1 -1 -1 -1 -1 -1 -1 -1 -1 -1 -1 20 263 167 12 155 91 64 -1 48 90
-1 -1 -1 -1 -1 -1 -1 -1 -1 -1 -1 -1 -1 -1 -1 -1 -1 137 -1 -1 -1 -1 81 -1 18 -1 -1 -1 -1 248 -1 -1 -1 -1 -1 -1 -1 297 -1 55 -1 -1 246 -1 54 -1 84 48 -1 270
-1 -1 -1 -1 -1 -1 -1 84 -1 -1 -1 -1 -1 -1 75 -1 -1 -1 -1 -1 -1 -1 -1 -1 -1 -1 -1 -1 44 -1 95 265 -1 185 -1 40 190 152 -1 -1 -1 -1 -1 258 -1 -1 -1 90 270 -1
