80
-1 16 -1 54 -1 81 -1 -1 -1 -1 -1 235 175 -1 -1 -1 -1 -1 -1 131 102 -1 -1 -1 -1 -1 -1 283 -1 -1 -1 -1 -1 -1 -1 -1 -1 -1 -1 -1 -1 255 -1 -1 205 154 -1 111 116 -1 261 -1 -1 -1 275 -1 -1 -1 39 -1 -1 -1 -1 250 -1 -1 -1 -1 -1 224 -1 17 -1 -1 -1 -1 -1 -1 -1 221
16 -1 -1 -1 -1 16 -1 -1 -1 -1 -1 -1 -1 251 117 -1 -1 185 79 -1 -1 200 -1 104 -1 -1 -1 -1 246 -1 -1 -1 -1 -1 -1 -1 -1 -1 39 87 -1 -1 -1 -1 166 241 -1 -1 -1 -1 88 278 -1 168 288 -1 292 193 -1 7 8 -1 -1 -1 -1 72 -1 -1 -1 -1 42 49 -1 147 -1 -1 288 -1 73 -1
-1 -1 -1 -1 147 -1 -1 298 -1 152 -1 -1 273 -1 -1 18 145 23 62 250 247 -1 -1 -1 262 -1 -1 -1 -1 -1 60 -1 124 -1 -1 -1 -1 -1 -1 150 -1 -1 -1 191 64 -1 -1 -1 -1 -1 -1 -1 -1 39 -1 -1 155 267 -1 -1 -1 -1 -1 -1 -1 -1 -1 90 204 226 -1 -1 -1 235 176 -1 -1 232 225 28
54 -1 -1 -1 -1 -1 -1 -1 -1 110 155 8 8 203 -1 -1 120 -1 -1 -1 -1 -1 -1 88 14 -1 253 52 -1 -1 -1 133 -1 -1 -1 -1 -1 -1 180 35 -1 -1 151 -1 -1 -1 130 -1 -1 -1 -1 283 -1 -1 122 -1 22 -1 -1 -1 15 -1 -1 -1 -1 214 -1 -1 -1 -1 -1 218 207 268 222 -1 -1 -1 244 -1
-1 -1 147 -1 -1 -1 -1 -1 -1 -1 -1 96 -1 219 212 -1 -1 -1 -1 216 -1 17 70 77 -1 -1 -1 182 -1 -1 -1 155 275 -1 -1 -1 -1 -1 44 -1 -1 -1 -1 45 -1 -1 -1 -1 -1 -1 288 -1 189 78 -1 -1 120 -1 -1 -1 74 -1 -1 -1 -1 -1 -1 -1 -1 -1 159 -1 181 60 -1 -1 -1 267 -1 -1
81 16 -1 -1 -1 -1 -1 -1 -1 -1 -1 -1 -1 -1 -1 -1 -1 -1 101 -1 -1 -1 282 -1 -1 -1 -1 269 -1 -1 -1 -1 -1 -1 -1 -1 -1 -1 219 -1 -1 -1 -1 279 227 103 -1 -1 -1 32 -1 -1 216 47 -1 13 -1 -1 152 -1 -1 272 -1 -1 -1 -1 -1 -1 -1 32 -1 137 -1 152 -1 -1 -1 -1 -1 -1
-1 -1 -1 -1 -1 -1 -1 -1 -1 108 -1 -1 -1 41 -1 -1 -1 -1 -1 -1 -1 -1 -1 -1 -1 -1 -1 -1 238 91 -1 -1 7 -1 -1 -1 -1 244 -1 -1 -1 246 -1 -1 -1 -1 -1 -1 256 -1 -1 92 245 -1 -1 -1 -1 -1 -1 -1 -1 -1 -1 -1 -1 157 -1 -1 174 -1 -1 -1 -1 125 -1 -1 -1 122 -1 264
-1 -1 298 -1 -1 -1 -1 -1 -1 -1 -1 -1 -1 199 -1 -1 -1 -1 -1 -1 -1 -1 -1 255 -1 283 -1 -1 -1 152 -1 -1 -1 -1 242 113 246 -1 -1 19 192 -1 -1 -1 -1 -1 242 -1 238 -1 -1 -1 180 -1 -1 27 36 -1 -1 -1 -1 291 -1 240 -1 -1 159 -1 -1 224 -1 -1 -1 -1 242 -1 129 -1 280 -1
-1 -1 -1 -1 -1 -1 -1 -1 -1 -1 -1 -1 -1 -1 195 -1 -1 -1 -1 -1 -1 -1 -1 -1 -1 -1 -1 -1 190 187 165 -1 -1 -1 -1 -1 -1 -1 -1 265 -1 -1 -1 -1 73 40 284 -1 96 -1 -1 -1 -1 245 -1 -1 -1 104 100 -1 -1 -1 -1 -1 -1 -1 40 -1 -1 -1 -1 176 -1 -1 62 -1 -1 -1 -1 88
-1 -1 152 110 -1 -1 108 -1 -1 -1 -1 -1 -1 298 144 104 -1 -1 -1 -1 -1 68 -1 116 255 -1 201 281 -1 -1 -1 -1 -1 265 204 -1 -1 4 163 -1 -1 -1 -1 75 -1 143 -1 -1 192 -1 -1 243 122 54 -1 -1 86 129 236 26 -1 -1 -1 -1 -1 185 -1 -1 -1 -1 39 175 53 75 -1 -1 259 202 -1 -1
-1 -1 -1 155 -1 -1 -1 -1 -1 -1 -1 -1 -1 -1 -1 -1 225 134 -1 -1 -1 152 -1 147 208 -1 -1 -1 145 219 -1 -1 -1 -1 -1 -1 -1 -1 222 294 -1 164 -1 -1 -1 -1 -1 227 -1 30 -1 -1 22 -1 71 -1 -1 175 72 -1 300 -1 73 10 -1 -1 -1 211 212 -1 -1 -1 -1 -1 269 -1 -1 -1 -1 -1
235 -1 -1 8 96 -1 -1 -1 -1 -1 -1 -1 269 269 -1 -1 -1 -1 253 -1 -1 -1 -1 -1 -1 149 -1 -1 -1 -1 -1 152 -1 -1 226 -1 -1 -1 -1 -1 -1 -1 129 6 89 -1 -1 -1 -1 51 156 -1 -1 76 -1 -1 -1 -1 -1 92 40 -1 -1 -1 -1 -1 267 82 -1 -1 -1 -1 117 237 -1 5 -1 -1 -1 -1
175 -1 273 8 -1 -1 -1 -1 -1 -1 -1 269 -1 -1 294 -1 -1 -1 -1 145 -1 35 -1 147 -1 -1 -1 192 71 -1 -1 192 -1 -1 -1 -1 70 -1 -1 -1 -1 2 -1 163 133 -1 75 -1 -1 -1 -1 -1 -1 -1 -1 -1 -1 -1 -1 223 -1 -1 -1 -1 -1 -1 169 239 -1 12 43 36 -1 -1 278 139 -1 -1 -1 -1
-1 251 -1 203 219 -1 41 199 -1 298 -1 269 -1 -1 -1 -1 -1 70 50 -1 280 -1 85 -1 -1 -1 -1 -1 -1 158 191 -1 71 -1 -1 -1 -1 -1 -1 295 -1 -1 -1 -1 100 101 116 239 -1 100 161 -1 -1 73 -1 -1 99 -1 145 -1 -1 147 299 -1 71 -1 -1 -1 -1 -1 231 -1 -1 184 19 -1 -1 193 -1 -1
-1 117 -1 -1 212 -1 -1 -1 195 144 -1 -1 294 -1 -1 -1 -1 -1 -1 243 145 -1 -1 -1 48 -1 241 4 -1 -1 -1 -1 -1 -1 -1 40 -1 167 -1 107 -1 260 -1 -1 286 22 286 264 -1 88 78 -1 -1 -1 -1 -1 -1 -1 -1 155 58 -1 231 189 231 239 -1 -1 -1 -1 216 -1 -1 145 -1 -1 -1 -1 -1 169
-1 -1 18 -1 -1 -1 -1 -1 -1 104 -1 -1 -1 -1 -1 -1 195 -1 -1 90 -1 -1 -1 -1 -1 36 -1 -1 23 -1 -1 -1 -1 42 33 -1 -1 -1 -1 -1 105 -1 -1 -1 -1 -1 113 -1 -1 -1 60 -1 27 -1 -1 -1 -1 127 -1 -1 -1 6 56 -1 287 146 136 -1 -1 -1 256 -1 -1 -1 -1 -1 -1 -1 -1 -1
-1 -1 145 120 -1 -1 -1 -1 -1 -1 225 -1 -1 -1 -1 195 -1 -1 234 -1 197 -1 -1 165 278 -1 -1 -1 4 -1 -1 238 -1 -1 -1 -1 -1 209 26 -1 -1 175 -1 -1 -1 -1 14 -1 -1 -1 -1 69 280 -1 234 147 -1 47 -1 -1 142 -1 -1 -1 -1 -1 230 -1 -1 -1 -1 -1 -1 -1 7 -1 -1 -1 -1 106
-1 185 23 -1 -1 -1 -1 -1 -1 -1 134 -1 -1 70 -1 -1 -1 -1 -1 -1 -1 251 -1 -1 149 -1 -1 -1 75 -1 -1 145 -1 -1 -1 -1 -1 -1 126 -1 -1 -1 -1 285 -1 28 -1 -1 176 -1 -1 -1 -1 -1 -1 -1 -1 98 -1 -1 -1 -1 -1 -1 -1 -1 -1 -1 -1 -1 233 -1 107 -1 -1 -1 -1 189 -1 -1
-1 79 62 -1 -1 101 -1 -1 -1 -1 -1 253 -1 50 -1 -1 234 -1 -1 12 -1 -1 215 -1 -1 277 205 -1 243 257 293 152 -1 281 -1 -1 -1 107 227 -1 44 177 -1 -1 173 -1 -1 64 -1 -1 -1 -1 -1 -1 -1 -1 128 -1 -1 -1 -1 -1 -1 142 -1 -1 -1 -1 38 -1 -1 -1 -1 -1 -1 -1 198 -1 -1 261
131 -1 250 -1 216 -1 -1 -1 -1 -1 -1 -1 145 -1 243 90 -1 -1 12 -1 -1 -1 179 111 -1 126 78 -1 -1 240 -1 300 220 -1 79 -1 -1 287 75 -1 274 2 -1 -1 -1 -1 -1 -1 -1 92 109 -1 137 -1 -1 6 -1 150 -1 76 -1 -1 111 -1 -1 -1 123 -1 -1 -1 -1 -1 -1 -1 -1 289 22 -1 -1 -1
102 -1 247 -1 -1 -1 -1 -1 -1 -1 -1 -1 -1 280 145 -1 197 -1 -1 -1 -1 -1 256 -1 148 -1 -1 -1 -1 -1 -1 -1 -1 -1 -1 -1 -1 246 218 79 -1 46 -1 281 145 -1 -1 122 292 275 -1 -1 71 -1 -1 2 -1 -1 -1 219 177 -1 -1 -1 100 -1 -1 123 13 226 -1 -1 174 -1 -1 -1 251 -1 -1 -1
-1 200 -1 -1 17 -1 -1 -1 -1 68 152 -1 35 -1 -1 -1 -1 251 -1 -1 -1 -1 -1 55 178 -1 -1 -1 -1 135 -1 114 -1 -1 274 -1 -1 55 -1 -1 -1 296 -1 235 -1 -1 250 -1 113 294 -1 104 70 -1 -1 243 -1 6 -1 -1 -1 189 -1 295 31 -1 -1 222 -1 199 144 -1 -1 236 -1 -1 -1 -1 227 125
-1 -1 -1 -1 70 282 -1 -1 -1 -1 -1 -1 -1 85 -1 -1 -1 -1 215 179 256 -1 -1 24 -1 86 22 -1 -1 102 -1 104 292 165 -1 -1 -1 161 -1 -1 -1 291 221 -1 67 -1 153 -1 -1 -1 -1 -1 -1 -1 -1 46 264 -1 -1 -1 -1 144 14 -1 219 -1 99 61 128 -1 -1 -1 -1 299 -1 -1 185 147 182 -1
-1 104 -1 88 77 -1 -1 255 -1 116 147 -1 147 -1 -1 -1 165 -1 -1 111 -1 55 24 -1 -1 120 101 296 -1 268 -1 144 -1 -1 -1 -1 -1 -1 -1 289 -1 36 -1 -1 118 74 -1 -1 -1 269 190 -1 276 -1 191 -1 -1 20 -1 -1 -1 -1 -1 -1 57 -1 -1 -1 -1 -1 267 -1 -1 -1 -1 -1 -1 214 -1 105
-1 -1 262 14 -1 -1 -1 -1 -1 255 208 -1 -1 -1 48 -1 278 149 -1 -1 148 178 -1 -1 -1 -1 -1 111 239 -1 17 -1 -1 -1 -1 -1 199 224 85 293 -1 49 -1 -1 -1 -1 -1 234 14 199 46 192 -1 -1 -1 214 -1 -1 -1 -1 -1 -1 -1 106 -1 10 38 107 105 144 -1 207 242 -1 201 270 -1 -1 143 -1
-1 -1 -1 -1 -1 -1 -1 283 -1 -1 -1 149 -1 -1 -1 36 -1 -1 277 126 -1 -1 86 120 -1 -1 -1 14 104 46 -1 -1 -1 -1 -1 -1 -1 -1 -1 -1 221 88 -1 -1 -1 72 237 150 -1 -1 -1 -1 -1 1 -1 163 -1 -1 -1 168 275 -1 -1 83 -1 -1 -1 258 61 -1 16 -1 -1 -1 -1 -1 76 -1 -1 -1
-1 -1 -1 253 -1 -1 -1 -1 -1 201 -1 -1 -1 -1 241 -1 -1 -1 205 78 -1 -1 22 101 -1 -1 -1 -1 -1 -1 233 299 -1 -1 -1 183 -1 -1 -1 19 -1 -1 -1 -1 -1 -1 -1 -1 -1 -1 -1 -1 -1 -1 -1 -1 72 -1 182 194 -1 -1 -1 -1 177 -1 -1 -1 151 20 -1 -1 -1 78 -1 -1 -1 -1 -1 -1
283 -1 -1 52 182 269 -1 -1 -1 281 -1 -1 192 -1 4 -1 -1 -1 -1 -1 -1 -1 -1 296 111 14 -1 -1 68 -1 -1 -1 -1 -1 114 201 -1 247 59 -1 -1 154 31 165 -1 112 -1 -1 -1 217 89 -1 250 -1 -1 -1 -1 -1 -1 77 -1 -1 35 -1 -1 -1 -1 -1 -1 -1 21 -1 -1 -1 -1 161 -1 -1 76 -1
-1 246 -1 -1 -1 -1 238 -1 190 -1 145 -1 71 -1 -1 23 4 75 243 -1 -1 -1 -1 -1 239 104 -1 68 -1 -1 92 112 121 163 71 214 -1 -1 -1 -1 -1 -1 165 -1 121 -1 87 -1 89 183 29 -1 -1 -1 300 -1 49 242 -1 -1 -1 -1 107 -1 -1 141 -1 130 46 -1 67 127 80 -1 106 -1 -1 9 46 56
-1 -1 -1 -1 -1 -1 91 152 187 -1 219 -1 -1 158 -1 -1 -1 -1 257 240 -1 135 102 268 -1 46 -1 -1 -1 -1 94 -1 -1 -1 -1 75 178 -1 -1 140 127 -1 -1 82 -1 52 -1 6 50 -1 -1 104 -1 -1 146 297 -1 196 -1 23 -1 -1 -1 -1 127 76 -1 77 -1 -1 -1 -1 -1 -1 -1 -1 198 -1 -1 197
-1 -1 60 -1 -1 -1 -1 -1 165 -1 -1 -1 -1 191 -1 -1 -1 -1 293 -1 -1 -1 -1 -1 17 -1 233 -1 92 94 -1 284 -1 115 -1 114 -1 -1 -1 -1 237 184 80 262 217 -1 232 -1 225 -1 115 -1 -1 8 -1 -1 -1 -1 219 -1 -1 -1 276 164 -1 258 -1 246 -1 -1 -1 -1 -1 82 -1 -1 41 169 -1 -1
-1 -1 -1 133 155 -1 -1 -1 -1 -1 -1 152 192 -1 -1 -1 238 145 152 300 -1 114 104 144 -1 -1 299 -1 112 -1 284 -1 -1 89 -1 251 147 -1 201 -1 -1 -1 142 24 181 238 -1 -1 289 15 -1 68 -1 115 -1 -1 -1 -1 222 64 -1 -1 -1 -1 -1 -1 174 -1 160 -1 -1 208 -1 115 8 -1 151 250 -1 129
-1 -1 124 -1 275 -1 7 -1 -1 -1 -1 -1 -1 71 -1 -1 -1 -1 -1 220 -1 -1 292 -1 -1 -1 -1 -1 121 -1 -1 -1 -1 142 -1 -1 -1 -1 -1 45 -1 -1 -1 -1 -1 -1 215 -1 110 -1 -1 -1 257 -1 -1 -1 52 88 -1 7 -1 220 283 289 -1 -1 -1 -1 -1 -1 -1 195 -1 -1 156 266 97 -1 -1 226
-1 -1 -1 -1 -1 -1 -1 -1 -1 265 -1 -1 -1 -1 -1 42 -1 -1 281 -1 -1 -1 165 -1 -1 -1 -1 -1 163 -1 115 89 142 -1 -1 -1 -1 -1 73 -1 -1 -1 -1 135 -1 142 91 73 152 149 -1 70 215 295 266 -1 -1 192 -1 -1 -1 -1 -1 -1 -1 -1 -1 -1 262 -1 -1 206 -1 -1 -1 -1 -1 -1 -1 14
-1 -1 -1 -1 -1 -1 -1 242 -1 204 -1 226 -1 -1 -1 33 -1 -1 -1 79 -1 274 -1 -1 -1 -1 -1 114 71 -1 -1 -1 -1 -1 -1 212 -1 -1 156 -1 -1 291 -1 -1 -1 -1 178 250 -1 267 -1 285 -1 177 -1 242 -1 73 226 -1 207 -1 287 -1 -1 300 102 -1 -1 -1 29 260 -1 -1 -1 -1 271 286 -1 -1
-1 -1 -1 -1 -1 -1 -1 113 -1 -1 -1 -1 -1 -1 40 -1 -1 -1 -1 -1 -1 -1 -1 -1 -1 -1 183 201 214 75 114 251 -1 -1 212 -1 -1 -1 -1 -1 -1 253 -1 144 -1 -1 83 212 -1 63 25 -1 10 -1 -1 -1 -1 -1 -1 -1 55 166 -1 -1 161 -1 -1 -1 -1 273 -1 -1 -1 -1 -1 -1 -1 87 -1 -1
-1 -1 -1 -1 -1 -1 -1 246 -1 -1 -1 -1 70 -1 -1 -1 -1 -1 -1 -1 -1 -1 -1 -1 199 -1 -1 -1 -1 178 -1 147 -1 -1 -1 -1 -1 -1 -1 -1 -1 -1 203 265 -1 -1 -1 -1 -1 -1 -1 -1 40 -1 -1 -1 150 -1 -1 -1 238 37 187 -1 53 -1 58 -1 -1 -1 281 -1 -1 -1 -1 -1 -1 3 -1 -1
-1 -1 -1 -1 -1 -1 244 -1 -1 4 -1 -1 -1 -1 167 -1 209 -1 107 287 246 55 161 -1 224 -1 -1 247 -1 -1 -1 -1 -1 -1 -1 -1 -1 -1 -1 -1 -1 129 214 -1 165 -1 -1 -1 -1 -1 78 299 93 3 -1 166 186 -1 270 271 -1 -1 -1 -1 -1 230 -1 92 -1 -1 -1 68 148 -1 -1 -1 -1 11 -1 63
-1 39 -1 180 44 219 -1 -1 -1 163 222 -1 -1 -1 -1 -1 26 126 227 75 218 -1 -1 -1 85 -1 -1 59 -1 -1 -1 201 -1 73 156 -1 -1 -1 -1 -1 -1 259 -1 -1 -1 131 -1 -1 264 -1 -1 -1 138 -1 -1 188 -1 56 148 18 6 23 -1 140 -1 99 269 -1 173 -1 53 102 -1 138 -1 -1 -1 47 -1 32
-1 87 150 35 -1 -1 -1 19 265 -1 294 -1 -1 295 107 -1 -1 -1 -1 -1 79 -1 -1 289 293 -1 19 -1 -1 140 -1 -1 45 -1 -1 -1 -1 -1 -1 -1 227 -1 -1 123 54 208 -1 -1 -1 -1 161 -1 -1 -1 -1 -1 229 -1 191 148 -1 -1 -1 -1 -1 247 85 -1 70 -1 147 -1 -1 -1 65 -1 243 -1 -1 -1
-1 -1 -1 -1 -1 -1 -1 192 -1 -1 -1 -1 -1 -1 -1 105 -1 -1 44 274 -1 -1 -1 -1 -1 221 -1 -1 -1 127 237 -1 -1 -1 -1 -1 -1 -1 -1 227 -1 -1 -1 135 107 -1 186 156 -1 -1 -1 224 -1 210 -1 297 -1 -1 -1 -1 69 -1 -1 78 61 -1 -1 68 -1 -1 76 -1 60 -1 224 173 -1 -1 235 -1
255 -1 -1 -1 -1 -1 246 -1 -1 -1 164 -1 2 -1 260 -1 175 -1 177 2 46 296 291 36 49 88 -1 154 -1 -1 184 -1 -1 -1 291 253 -1 129 259 -1 -1 -1 46 -1 192 -1 26 -1 -1 -1 120 -1 -1 -1 -1 261 -1 162 76 2 -1 61 239 88 -1 115 -1 -1 -1 143 161 276 -1 -1 -1 -1 227 -1 216 217
-1 -1 -1 151 -1 -1 -1 -1 -1 -1 -1 129 -1 -1 -1 -1 -1 -1 -1 -1 -1 -1 221 -1 -1 -1 -1 31 165 -1 80 142 -1 -1 -1 -1 203 214 -1 -1 -1 46 -1 -1 260 -1 -1 -1 -1 -1 -1 279 104 11 235 214 -1 268 37 259 -1 226 -1 119 -1 -1 -1 163 -1 -1 134 10 -1 114 -1 -1 -1 -1 -1 149
-1 -1 191 -1 45 279 -1 -1 -1 75 -1 6 163 -1 -1 -1 -1 285 -1 -1 281 235 -1 -1 -1 -1 -1 165 -1 82 262 24 -1 135 -1 144 265 -1 -1 123 135 -1 -1 -1 -1 -1 157 288 109 -1 238 276 19 185 -1 -1 -1 -1 116 -1 141 -1 -1 -1 -1 118 187 195 -1 195 -1 254 -1 237 -1 31 -1 -1 255 219
205 166 64 -1 -1 227 -1 -1 73 -1 -1 89 133 100 286 -1 -1 -1 173 -1 145 -1 67 118 -1 -1 -1 -1 121 -1 217 181 -1 -1 -1 -1 -1 165 -1 54 107 192 260 -1 -1 14 -1 1 220 -1 66 -1 189 -1 24 -1 57 143 234 226 -1 136 -1 -1 -1 169 -1 -1 112 -1 257 222 -1 263 54 54 -1 238 -1 -1
154 241 -1 -1 -1 103 -1 -1 40 143 -1 -1 -1 101 22 -1 -1 28 -1 -1 -1 -1 -1 74 -1 72 -1 112 -1 52 -1 238 -1 142 -1 -1 -1 -1 131 208 -1 -1 -1 -1 14 -1 -1 263 -1 -1 141 -1 -1 100 38 3 -1 241 -1 265 -1 -1 -1 -1 220 -1 64 -1 -1 294 204 -1 -1 132 -1 -1 268 -1 -1 41
-1 -1 -1 130 -1 -1 -1 242 284 -1 -1 -1 75 116 286 113 14 -1 -1 -1 -1 250 153 -1 -1 237 -1 -1 87 -1 232 -1 215 91 178 83 -1 -1 -1 -1 186 26 -1 157 -1 -1 -1 295 178 -1 -1 56 -1 -1 65 -1 268 88 256 116 -1 136 -1 126 212 179 -1 -1 -1 233 137 -1 -1 243 -1 -1 263 -1 110 187
111 -1 -1 -1 -1 -1 -1 -1 -1 -1 227 -1 -1 239 264 -1 -1 -1 64 -1 122 -1 -1 -1 234 150 -1 -1 -1 6 -1 -1 -1 73 250 212 -1 -1 -1 -1 156 -1 -1 288 1 263 295 -1 69 -1 125 157 -1 263 102 -1 -1 -1 227 69 -1 264 192 159 74 -1 -1 257 -1 149 -1 -1 20 -1 -1 -1 -1 282 -1 203
116 -1 -1 -1 -1 -1 256 238 96 192 -1 -1 -1 -1 -1 -1 -1 176 -1 -1 292 113 -1 -1 14 -1 -1 -1 89 50 225 289 110 152 -1 -1 -1 -1 264 -1 -1 -1 -1 109 220 -1 178 69 -1 -1 -1 148 -1 127 -1 240 -1 258 216 109 -1 163 162 -1 -1 -1 144 260 249 -1 -1 86 208 86 -1 154 -1 -1 -1 -1
-1 -1 -1 -1 -1 32 -1 -1 -1 -1 30 51 -1 100 88 -1 -1 -1 -1 92 275 294 -1 269 199 -1 -1 217 183 -1 -1 15 -1 149 267 63 -1 -1 -1 -1 -1 -1 -1 -1 -1 -1 -1 -1 -1 -1 -1 149 147 -1 286 -1 28 4 -1 -1 36 -1 141 272 289 -1 199 187 182 282 -1 -1 217 -1 -1 -1 77 112 -1 284
261 88 -1 -1 288 -1 -1 -1 -1 -1 -1 156 -1 161 78 60 -1 -1 -1 109 -1 -1 -1 190 46 -1 -1 89 29 -1 115 -1 -1 -1 -1 25 -1 78 -1 161 -1 120 -1 238 66 141 -1 125 -1 -1 -1 168 -1 -1 123 -1 -1 267 186 -1 -1 -1 -1 46 140 -1 233 293 -1 -1 141 76 -1 -1 -1 107 -1 -1 -1 -1
-1 278 -1 283 -1 -1 92 -1 -1 243 -1 -1 -1 -1 -1 -1 69 -1 -1 -1 -1 104 -1 -1 192 -1 -1 -1 -1 104 -1 68 -1 70 285 -1 -1 299 -1 -1 224 -1 279 276 -1 -1 56 157 148 149 168 -1 -1 -1 105 169 -1 238 -1 -1 -1 228 -1 247 280 -1 275 -1 197 23 13 73 190 148 -1 71 -1 -1 -1 84
-1 -1 -1 -1 189 216 245 180 -1 122 22 -1 -1 -1 -1 27 280 -1 -1 137 71 70 -1 276 -1 -1 -1 250 -1 -1 -1 -1 257 215 -1 10 40 93 138 -1 -1 -1 104 19 189 -1 -1 -1 -1 147 -1 -1 -1 49 219 -1 270 11 44 -1 -1 85 224 -1 -1 147 -1 193 198 -1 271 -1 224 3 177 -1 -1 -1 -1 91
-1 168 39 -1 78 47 -1 -1 245 54 -1 76 -1 73 -1 -1 -1 -1 -1 -1 -1 -1 -1 -1 -1 1 -1 -1 -1 -1 8 115 -1 295 177 -1 -1 3 -1 -1 210 -1 11 185 -1 100 -1 263 127 -1 -1 -1 49 -1 125 232 14 -1 -1 15 133 -1 87 214 -1 131 205 -1 21 -1 -1 -1 -1 295 190 93 167 18 101 -1
275 288 -1 122 -1 -1 -1 -1 -1 -1 71 -1 -1 -1 -1 -1 234 -1 -1 -1 -1 -1 -1 191 -1 -1 -1 -1 300 146 -1 -1 -1 266 -1 -1 -1 -1 -1 -1 -1 -1 235 -1 24 38 65 102 -1 286 123 105 219 125 -1 -1 167 -1 -1 -1 16 12 -1 193 -1 105 -1 246 142 -1 -1 80 276 22 51 -1 128 -1 60 235
-1 -1 -1 -1 -1 13 -1 27 -1 -1 -1 -1 -1 -1 -1 -1 147 -1 -1 6 2 243 46 -1 214 163 -1 -1 -1 297 -1 -1 -1 -1 242 -1 -1 166 188 -1 297 261 214 -1 -1 3 -1 -1 240 -1 -1 169 -1 232 -1 -1 147 170 280 233 87 182 102 17 66 177 -1 -1 70 -1 -1 -1 -1 -1 119 187 21 21 280 268
-1 292 155 22 120 -1 -1 36 -1 86 -1 -1 -1 99 -1 -1 -1 -1 128 -1 -1 -1 264 -1 -1 -1 72 -1 49 -1 -1 -1 52 -1 -1 -1 150 186 -1 229 -1 -1 -1 -1 57 -1 268 -1 -1 28 -1 -1 270 14 167 147 -1 -1 103 -1 -1 -1 269 -1 186 -1 26 142 -1 -1 -1 241 -1 -1 -1 -1 -1 38 75 136
-1 193 267 -1 -1 -1 -1 -1 104 129 175 -1 -1 -1 -1 127 47 98 -1 150 -1 6 -1 20 -1 -1 -1 -1 242 196 -1 -1 88 192 73 -1 -1 -1 56 -1 -1 162 268 -1 143 241 88 -1 258 4 267 238 11 -1 -1 170 -1 -1 -1 -1 56 21 140 -1 253 183 -1 106 54 149 213 49 -1 55 -1 108 229 165 -1 145
39 -1 -1 -1 -1 152 -1 -1 100 236 72 -1 -1 145 -1 -1 -1 -1 -1 -1 -1 -1 -1 -1 -1 -1 182 -1 -1 -1 219 222 -1 -1 226 -1 -1 270 148 191 -1 76 37 116 234 -1 256 227 216 -1 186 -1 44 -1 -1 280 103 -1 -1 157 -1 -1 142 -1 -1 -1 -1 77 234 223 261 154 96 239 -1 170 -1 -1 130 34
-1 7 -1 -1 -1 -1 -1 -1 -1 26 -1 92 223 -1 155 -1 -1 -1 -1 76 219 -1 -1 -1 -1 168 194 77 -1 23 -1 64 7 -1 -1 -1 -1 271 18 148 -1 2 259 -1 226 265 116 69 109 -1 -1 -1 -1 15 -1 233 -1 -1 157 -1 76 1 141 220 42 -1 61 37 -1 99 -1 -1 -1 129 294 7 151 177 20 -1
-1 8 -1 15 74 -1 -1 -1 -1 -1 300 40 -1 -1 58 -1 142 -1 -1 -1 177 -1 -1 -1 -1 275 -1 -1 -1 -1 -1 -1 -1 -1 207 55 238 -1 6 -1 69 -1 -1 141 -1 -1 -1 -1 -1 36 -1 -1 -1 133 16 87 -1 56 -1 76 -1 283 -1 109 -1 136 69 -1 298 276 57 116 89 -1 -1 150 247 22 252 72
-1 -1 -1 -1 -1 272 -1 291 -1 -1 -1 -1 -1 147 -1 6 -1 -1 -1 -1 -1 189 144 -1 -1 -1 -1 -1 -1 -1 -1 -1 220 -1 -1 166 37 -1 23 -1 -1 61 226 -1 136 -1 136 264 163 -1 -1 228 85 -1 12 182 -1 21 -1 1 283 -1 5 40 154 -1 210 243 -1 280 232 94 -1 18 72 -1 66 229 82 -1
-1 -1 -1 -1 -1 -1 -1 -1 -1 -1 73 -1 -1 299 231 56 -1 -1 -1 111 -1 -1 14 -1 -1 -1 -1 35 107 -1 276 -1 283 -1 287 -1 187 -1 -1 -1 -1 239 -1 -1 -1 -1 -1 192 162 141 -1 -1 224 87 -1 102 269 140 142 141 -1 5 -1 188 275 151 21 -1 113 112 181 157 231 203 -1 -1 -1 280 180 295
250 -1 -1 -1 -1 -1 -1 240 -1 -1 10 -1 -1 -1 189 -1 -1 -1 142 -1 -1 295 -1 -1 106 83 -1 -1 -1 -1 164 -1 289 -1 -1 -1 -1 -1 140 -1 78 88 119 -1 -1 -1 126 159 -1 272 46 247 -1 214 193 17 -1 -1 -1 220 109 40 188 -1 -1 -1 104 249 160 130 -1 273 86 -1 161 -1 -1 136 177 72
-1 -1 -1 -1 -1 -1 -1 -1 -1 -1 -1 -1 -1 71 231 287 -1 -1 -1 -1 100 31 219 57 -1 -1 177 -1 -1 127 -1 -1 -1 -1 -1 161 53 -1 -1 -1 61 -1 -1 -1 -1 220 212 74 -1 289 140 280 -1 -1 -1 66 186 253 -1 42 -1 154 275 -1 -1 -1 -1 -1 21 -1 64 -1 140 78 42 251 278 -1 35 -1
-1 72 -1 214 -1 -1 157 -1 -1 185 -1 -1 -1 -1 239 146 -1 -1 -1 -1 -1 -1 -1 -1 10 -1 -1 -1 141 76 258 -1 -1 -1 300 -1 -1 230 99 247 -1 115 -1 118 169 -1 179 -1 -1 -1 -1 -1 147 131 105 177 -1 183 -1 -1 136 -1 151 -1 -1 -1 124 -1 169 16 92 101 -1 257 145 104 201 243 298 205
-1 -1 -1 -1 -1 -1 -1 159 40 -1 -1 267 169 -1 -1 136 230 -1 -1 123 -1 -1 99 -1 38 -1 -1 -1 -1 -1 -1 174 -1 -1 102 -1 58 -1 269 85 -1 -1 -1 187 -1 64 -1 -1 144 199 233 275 -1 205 -1 -1 26 -1 -1 61 69 210 21 104 -1 124 -1 189 255 -1 111 139 -1 25 81 252 157 -1 88 224
-1 -1 90 -1 -1 -1 -1 -1 -1 -1 211 82 239 -1 -1 -1 -1 -1 -1 -1 123 222 61 -1 107 258 -1 -1 130 77 246 -1 -1 -1 -1 -1 -1 92 -1 -1 68 -1 163 195 -1 -1 -1 257 260 187 293 -1 193 -1 246 -1 142 106 77 37 -1 243 -1 249 -1 -1 189 -1 -1 -1 152 212 180 100 8 234 123 202 -1 140
-1 -1 204 -1 -1 -1 174 -1 -1 -1 212 -1 -1 -1 -1 -1 -1 -1 38 -1 13 -1 128 -1 105 61 151 -1 46 -1 -1 160 -1 262 -1 -1 -1 -1 173 70 -1 -1 -1 -1 112 -1 -1 -1 249 182 -1 197 198 21 142 70 -1 54 234 -1 298 -1 113 160 21 169 255 -1 -1 199 238 34 17 225 87 43 86 5 144 -1
224 -1 226 -1 -1 32 -1 224 -1 -1 -1 -1 12 -1 -1 -1 -1 -1 -1 -1 226 199 -1 -1 144 -1 20 -1 -1 -1 -1 -1 -1 -1 -1 273 -1 -1 -1 -1 -1 143 -1 195 -1 294 233 149 -1 282 -1 23 -1 -1 -1 -1 -1 149 223 99 276 280 112 130 -1 16 -1 -1 199 -1 152 218 274 248 196 290 18 179 34 149
-1 42 -1 -1 159 -1 -1 -1 -1 39 -1 -1 43 231 216 256 -1 233 -1 -1 -1 144 -1 267 -1 16 -1 21 67 -1 -1 -1 -1 -1 29 -1 281 -1 53 147 76 161 134 -1 257 204 137 -1 -1 -1 141 13 271 -1 -1 -1 -1 213 261 -1 57 232 181 -1 64 92 111 152 238 152 -1 23 245 272 148 26 129 -1 145 142
17 49 -1 218 -1 137 -1 -1 176 175 -1 -1 36 -1 -1 -1 -1 -1 -1 -1 -1 -1 -1 -1 207 -1 -1 -1 127 -1 -1 208 195 206 260 -1 -1 68 102 -1 -1 276 10 254 222 -1 -1 -1 86 -1 76 73 -1 -1 80 -1 241 49 154 -1 116 94 157 273 -1 101 139 212 34 218 23 -1 73 258 31 193 139 152 284 285
-1 -1 -1 207 181 -1 -1 -1 -1 53 -1 117 -1 -1 -1 -1 -1 107 -1 -1 174 -1 -1 -1 242 -1 -1 -1 80 -1 -1 -1 -1 -1 -1 -1 -1 148 -1 -1 60 -1 -1 -1 -1 -1 -1 20 208 217 -1 190 224 -1 276 -1 -1 -1 96 -1 89 -1 231 86 140 -1 -1 180 17 274 245 73 -1 113 162 172 150 119 207 98
-1 147 235 268 60 152 125 -1 -1 75 -1 237 -1 184 145 -1 -1 -1 -1 -1 -1 236 299 -1 -1 -1 78 -1 -1 -1 82 115 -1 -1 -1 -1 -1 -1 138 -1 -1 -1 114 237 263 132 243 -1 86 -1 -1 148 3 295 22 -1 -1 55 239 129 -1 18 203 -1 78 257 25 100 225 248 272 258 113 -1 224 173 201 146 269 163
-1 -1 176 222 -1 -1 -1 242 62 -1 269 -1 278 19 -1 -1 7 -1 -1 -1 -1 -1 -1 -1 201 -1 -1 -1 106 -1 -1 8 156 -1 -1 -1 -1 -1 -1 65 224 -1 -1 -1 54 -1 -1 -1 -1 -1 -1 -1 177 190 51 119 -1 -1 -1 294 -1 72 -1 161 42 145 81 8 87 196 148 31 162 224 -1 198 111 172 96 1
-1 -1 -1 -1 -1 -1 -1 -1 -1 -1 -1 5 139 -1 -1 -1 -1 -1 -1 289 -1 -1 -1 -1 270 -1 -1 161 -1 -1 -1 -1 266 -1 -1 -1 -1 -1 -1 -1 173 -1 -1 31 54 -1 -1 -1 154 -1 107 71 -1 93 -1 187 -1 108 170 7 150 -1 -1 -1 251 104 252 234 43 290 26 193 172 173 198 -1 283 25 139 189
-1 288 -1 -1 -1 -1 -1 129 -1 259 -1 -1 -1 -1 -1 -1 -1 -1 198 22 251 -1 185 -1 -1 76 -1 -1 -1 198 41 151 97 -1 271 -1 -1 -1 -1 243 -1 227 -1 -1 -1 268 263 -1 -1 77 -1 -1 -1 167 128 21 -1 229 -1 151 247 66 -1 -1 278 201 157 123 86 18 129 139 150 201 111 283 -1 234 196 95
-1 -1 232 -1 267 -1 122 -1 -1 202 -1 -1 -1 193 -1 -1 -1 189 -1 -1 -1 -1 147 214 -1 -1 -1 -1 9 -1 169 250 -1 -1 286 87 3 11 47 -1 -1 -1 -1 -1 238 -1 -1 282 -1 112 -1 -1 -1 18 -1 21 38 165 -1 177 22 229 280 136 -1 243 -1 202 5 179 -1 152 119 146 172 25 234 -1 243 236
-1 73 225 244 -1 -1 -1 280 -1 -1 -1 -1 -1 -1 -1 -1 -1 -1 -1 -1 -1 227 182 -1 143 -1 -1 76 46 -1 -1 -1 -1 -1 -1 -1 -1 -1 -1 -1 235 216 -1 255 -1 -1 110 -1 -1 -1 -1 -1 -1 101 60 280 75 -1 130 20 252 82 180 177 35 298 88 -1 144 34 145 284 207 269 96 139 196 243 -1 28
221 -1 28 -1 -1 -1 264 -1 88 -1 -1 -1 -1 -1 169 -1 106 -1 261 -1 -1 125 -1 105 -1 -1 -1 -1 56 197 -1 129 226 14 -1 -1 -1 63 32 -1 -1 217 149 219 -1 41 187 203 -1 284 -1 84 91 -1 235 268 136 145 34 -1 72 -1 295 72 -1 205 224 140 -1 149 142 285 98 163 1 189 95 236 28 -1
