100
-1 -1 258 -1 -1 -1 234 -1 -1 -1 -1 -1 -1 -1 290 -1 -1 -1 -1 -1 -1 -1 -1 -1 -1 -1 -1 -1 -1 -1 -1 -1 -1 -1 -1 -1 230 -1 -1 -1 -1 -1 -1 -1 -1 -1 -1 -1 -1 -1 134 -1 -1 -1 -1 -1 98 -1 -1 60 -1 -1 -1 119 -1 -1 224 -1 36 -1 -1 -1 -1 -1 -1 -1 -1 -1 -1 -1 -1 31 -1 -1 -1 -1 185 -1 -1 -1 -1 -1 -1 -1 -1 -1 -1 -1 -1 -1
-1 -1 -1 -1 -1 172 -1 -1 -1 -1 -1 -1 42 -1 178 -1 -1 141 -1 -1 83 140 -1 -1 -1 -1 126 -1 -1 -1 209 -1 -1 -1 122 -1 -1 -1 119 -1 -1 -1 -1 -1 -1 -1 -1 -1 -1 -1 -1 296 -1 153 -1 -1 -1 -1 -1 -1 -1 -1 -1 -1 -1 -1 -1 -1 -1 -1 -1 -1 -1 -1 -1 -1 -1 -1 -1 -1 -1 -1 -1 -1 -1 -1 -1 -1 -1 -1 193 -1 87 -1 -1 59 -1 -1 -1 -1
258 -1 -1 -1 -1 -1 171 -1 -1 -1 -1 -1 -1 -1 -1 -1 -1 -1 -1 -1 -1 -1 -1 -1 -1 -1 -1 -1 -1 -1 -1 -1 -1 -1 -1 -1 -1 -1 174 -1 -1 -1 -1 -1 -1 -1 -1 -1 -1 27 -1 -1 -1 -1 -1 -1 147 -1 -1 -1 139 -1 -1 -1 -1 -1 -1 -1 -1 -1 -1 -1 59 -1 -1 -1 107 -1 -1 219 -1 -1 -1 -1 -1 -1 -1 -1 -1 -1 -1 22 -1 -1 -1 -1 -1 171 -1 -1
-1 -1 -1 -1 -1 89 -1 -1 -1 10 -1 -1 -1 4 -1 -1 -1 30 -1 220 -1 -1 -1 -1 -1 -1 -1 -1 -1 -1 -1 -1 -1 -1 -1 -1 -1 -1 -1 239 126 -1 -1 -1 -1 -1 -1 -1 -1 -1 -1 -1 -1 34 -1 177 -1 229 -1 253 9 -1 -1 -1 -1 -1 -1 -1 -1 66 -1 -1 -1 -1 -1 -1 -1 -1 -1 -1 -1 -1 -1 142 -1 -1 276 -1 -1 -1 -1 -1 -1 251 -1 -1 -1 -1 -1 148
-1 -1 -1 -1 -1 -1 -1 -1 -1 -1 -1 -1 -1 -1 -1 -1 -1 -1 -1 -1 -1 -1 -1 -1 -1 -1 -1 -1 -1 -1 -1 -1 -1 -1 -1 -1 -1 22 -1 -1 -1 -1 -1 -1 -1 -1 -1 -1 27 -1 -1 -1 -1 -1 -1 -1 -1 -1 -1 -1 74 -1 -1 -1 -1 -1 -1 215 -1 158 -1 -1 -1 -1 -1 260 -1 -1 -1 -1 -1 51 -1 -1 -1 -1 -1 -1 -1 -1 -1 -1 -1 -1 -1 180 42 -1 -1 -1
-1 172 -1 89 -1 -1 -1 -1 77 -1 297 -1 -1 -1 -1 -1 -1 -1 -1 -1 -1 -1 -1 -1 251 -1 -1 -1 -1 -1 -1 -1 -1 -1 -1 -1 -1 -1 -1 -1 -1 -1 -1 -1 -1 -1 123 -1 -1 -1 -1 -1 -1 -1 -1 -1 -1 -1 -1 -1 -1 -1 247 -1 -1 -1 -1 234 -1 -1 -1 -1 -1 -1 -1 -1 -1 -1 -1 -1 -1 -1 -1 -1 -1 -1 -1 -1 -1 -1 -1 -1 144 -1 -1 -1 -1 -1 -1 -1
234 -1 171 -1 -1 -1 -1 110 107 -1 -1 -1 -1 -1 -1 -1 -1 -1 -1 -1 -1 -1 -1 -1 -1 -1 -1 -1 -1 -1 -1 -1 -1 -1 -1 -1 -1 -1 -1 -1 -1 -1 -1 -1 -1 -1 -1 -1 -1 -1 211 -1 -1 -1 -1 49 -1 -1 -1 -1 -1 -1 -1 -1 -1 -1 68 219 -1 -1 -1 -1 -1 -1 3 -1 -1 -1 -1 -1 -1 -1 -1 -1 -1 -1 -1 -1 -1 -1 -1 -1 -1 -1 -1 -1 -1 -1 20 -1
-1 -1 -1 -1 -1 -1 110 -1 -1 -1 -1 -1 -1 -1 -1 -1 -1 -1 -1 -1 -1 -1 -1 -1 -1 -1 -1 -1 -1 -1 -1 -1 -1 -1 -1 165 -1 -1 -1 -1 -1 -1 -1 -1 -1 -1 231 -1 -1 249 -1 -1 -1 26 -1 -1 -1 273 -1 -1 -1 140 -1 -1 -1 -1 -1 -1 128 -1 -1 -1 -1 -1 -1 -1 -1 -1 -1 -1 -1 -1 -1 -1 -1 295 -1 -1 -1 -1 -1 -1 -1 -1 -1 -1 -1 -1 -1 -1
-1 -1 -1 -1 -1 77 107 -1 -1 -1 -1 93 -1 -1 -1 -1 -1 -1 -1 -1 -1 -1 -1 -1 -1 173 -1 -1 -1 -1 -1 -1 -1 -1 -1 207 266 -1 -1 -1 -1 -1 -1 -1 -1 -1 -1 -1 -1 -1 214 -1 -1 -1 -1 12 -1 -1 -1 -1 -1 -1 -1 -1 -1 155 -1 -1 -1 -1 -1 -1 -1 -1 91 -1 -1 -1 -1 227 -1 -1 74 -1 -1 -1 -1 -1 -1 -1 -1 -1 -1 99 -1 -1 -1 -1 -1 -1
-1 -1 -1 10 -1 -1 -1 -1 -1 -1 -1 -1 -1 -1 -1 -1 -1 51 -1 -1 -1 -1 -1 -1 -1 -1 158 91 -1 -1 -1 -1 -1 -1 -1 85 -1 -1 -1 -1 -1 -1 -1 43 297 -1 139 -1 -1 -1 -1 -1 257 106 -1 83 -1 -1 -1 -1 -1 -1 -1 -1 -1 -1 -1 299 -1 -1 -1 300 -1 -1 -1 -1 -1 -1 63 -1 -1 -1 -1 297 -1 -1 -1 -1 -1 -1 -1 -1 -1 -1 -1 -1 -1 -1 -1 -1
-1 -1 -1 -1 -1 297 -1 -1 -1 -1 -1 -1 -1 -1 233 -1 -1 -1 -1 -1 279 -1 -1 -1 -1 -1 -1 -1 284 -1 124 -1 -1 -1 -1 -1 -1 -1 -1 -1 165 -1 -1 -1 143 -1 -1 -1 -1 -1 -1 94 -1 -1 -1 -1 -1 -1 -1 -1 -1 -1 -1 -1 -1 -1 -1 -1 2 -1 -1 158 -1 161 87 202 -1 -1 -1 -1 -1 -1 -1 -1 -1 -1 175 -1 -1 -1 300 20 -1 -1 -1 -1 -1 114 -1 -1
-1 -1 -1 -1 -1 -1 -1 -1 93 -1 -1 -1 -1 -1 -1 -1 -1 -1 -1 -1 -1 58 -1 -1 -1 -1 -1 -1 -1 -1 -1 -1 -1 -1 -1 -1 -1 -1 298 -1 -1 -1 151 -1 -1 -1 245 -1 -1 205 -1 -1 -1 -1 -1 -1 -1 -1 -1 -1 -1 -1 -1 -1 -1 -1 -1 -1 -1 69 -1 -1 -1 -1 -1 -1 -1 -1 83 -1 -1 -1 -1 298 -1 -1 295 -1 -1 -1 -1 -1 -1 -1 -1 -1 -1 33 -1 -1
-1 42 -1 -1 -1 -1 -1 -1 -1 -1 -1 -1 -1 -1 -1 -1 -1 -1 284 185 225 284 -1 -1 -1 -1 -1 -1 -1 -1 -1 -1 -1 -1 -1 -1 -1 193 -1 2 -1 -1 -1 -1 -1 -1 -1 -1 -1 -1 -1 -1 -1 -1 -1 -1 -1 -1 -1 155 -1 -1 -1 -1 -1 -1 -1 -1 261 158 -1 -1 -1 -1 -1 -1 -1 -1 -1 -1 -1 -1 -1 -1 -1 -1 -1 -1 -1 -1 -1 -1 -1 -1 -1 19 -1 -1 258 54
-1 -1 -1 4 -1 -1 -1 -1 -1 -1 -1 -1 -1 -1 -1 -1 -1 -1 -1 -1 -1 -1 -1 -1 -1 -1 -1 -1 -1 -1 -1 -1 -1 -1 -1 -1 87 131 -1 -1 -1 -1 129 -1 -1 -1 -1 -1 -1 155 71 -1 -1 -1 -1 -1 -1 250 -1 -1 142 -1 -1 200 -1 -1 246 -1 -1 -1 -1 -1 -1 -1 -1 67 -1 -1 -1 -1 -1 -1 -1 24 -1 -1 287 155 -1 -1 261 -1 -1 -1 -1 -1 281 -1 -1 -1
290 178 -1 -1 -1 -1 -1 -1 -1 -1 233 -1 -1 -1 -1 -1 -1 -1 -1 -1 -1 203 -1 -1 -1 -1 -1 -1 -1 -1 -1 -1 -1 -1 131 -1 -1 -1 -1 86 -1 -1 -1 -1 -1 -1 -1 -1 -1 -1 -1 96 -1 -1 -1 -1 -1 -1 -1 -1 -1 -1 -1 -1 -1 -1 -1 -1 213 -1 139 -1 -1 -1 -1 -1 -1 -1 -1 -1 -1 -1 -1 -1 -1 238 235 -1 -1 -1 -1 -1 -1 -1 -1 -1 -1 -1 -1 -1
-1 -1 -1 -1 -1 -1 -1 -1 -1 -1 -1 -1 -1 -1 -1 -1 -1 -1 -1 -1 -1 39 -1 -1 -1 -1 -1 -1 -1 285 -1 -1 224 -1 -1 -1 -1 -1 -1 -1 -1 94 -1 -1 -1 -1 -1 28 -1 -1 246 -1 -1 -1 -1 -1 143 -1 -1 -1 -1 -1 233 -1 -1 -1 -1 -1 -1 -1 -1 -1 -1 -1 -1 -1 63 -1 -1 -1 -1 -1 -1 -1 -1 -1 -1 -1 -1 -1 -1 -1 -1 -1 -1 -1 -1 -1 -1 193
-1 -1 -1 -1 -1 -1 -1 -1 -1 -1 -1 -1 -1 -1 -1 -1 -1 20 219 -1 -1 -1 -1 -1 -1 -1 -1 -1 -1 -1 110 -1 48 -1 -1 -1 -1 -1 294 -1 -1 -1 -1 -1 -1 -1 -1 -1 -1 -1 -1 -1 -1 -1 -1 -1 -1 -1 7 204 -1 -1 -1 -1 -1 -1 -1 -1 -1 -1 253 -1 -1 -1 -1 -1 172 -1 -1 -1 -1 -1 -1 -1 -1 -1 -1 -1 -1 -1 -1 -1 132 -1 221 -1 -1 -1 -1 -1
-1 141 -1 30 -1 -1 -1 -1 -1 51 -1 -1 -1 -1 -1 -1 20 -1 56 -1 -1 -1 -1 -1 -1 -1 -1 -1 -1 -1 170 -1 74 -1 -1 -1 -1 -1 -1 -1 250 240 -1 -1 -1 -1 -1 -1 -1 -1 -1 -1 -1 -1 -1 -1 -1 -1 -1 271 -1 -1 -1 -1 -1 -1 177 -1 -1 -1 -1 -1 -1 -1 -1 -1 -1 -1 -1 -1 -1 -1 -1 -1 -1 -1 -1 183 -1 -1 168 -1 -1 113 206 -1 -1 -1 -1 -1
-1 -1 -1 -1 -1 -1 -1 -1 -1 -1 -1 -1 284 -1 -1 -1 219 56 -1 -1 -1 -1 -1 -1 90 -1 -1 -1 -1 -1 -1 -1 18 -1 -1 -1 -1 -1 238 -1 -1 -1 266 -1 -1 -1 -1 32 -1 -1 -1 -1 -1 -1 -1 -1 -1 -1 108 -1 -1 246 -1 -1 -1 -1 -1 -1 -1 -1 -1 -1 -1 -1 246 -1 -1 -1 -1 -1 -1 189 -1 -1 69 -1 -1 -1 44 -1 -1 -1 131 135 -1 -1 -1 -1 -1 -1
-1 -1 -1 220 -1 -1 -1 -1 -1 -1 -1 -1 185 -1 -1 -1 -1 -1 -1 -1 -1 76 -1 -1 83 -1 -1 -1 -1 -1 -1 220 -1 -1 -1 -1 -1 -1 -1 -1 -1 -1 -1 -1 -1 -1 -1 -1 -1 -1 -1 -1 -1 -1 -1 -1 -1 -1 -1 -1 -1 -1 -1 130 -1 -1 -1 -1 -1 -1 -1 49 -1 -1 -1 -1 73 -1 -1 -1 -1 -1 -1 -1 -1 -1 111 33 -1 -1 -1 -1 -1 -1 -1 -1 -1 -1 -1 -1
-1 83 -1 -1 -1 -1 -1 -1 -1 -1 279 -1 225 -1 -1 -1 -1 -1 -1 -1 -1 -1 -1 -1 -1 257 -1 -1 -1 -1 -1 -1 -1 -1 -1 -1 -1 -1 -1 -1 -1 -1 -1 118 -1 -1 -1 -1 -1 -1 -1 -1 -1 -1 -1 -1 -1 -1 30 -1 -1 -1 -1 -1 -1 176 -1 218 167 -1 -1 -1 -1 -1 -1 -1 -1 -1 -1 -1 -1 -1 -1 216 -1 -1 -1 -1 -1 82 -1 131 151 -1 -1 -1 -1 -1 43 -1
-1 140 -1 -1 -1 -1 -1 -1 -1 -1 -1 58 284 -1 203 39 -1 -1 -1 76 -1 -1 -1 -1 -1 -1 -1 -1 -1 -1 -1 -1 242 283 194 -1 -1 -1 -1 -1 -1 -1 -1 -1 -1 -1 11 -1 -1 -1 -1 -1 -1 17 -1 -1 -1 -1 -1 -1 -1 -1 -1 -1 -1 -1 -1 -1 289 -1 -1 -1 -1 -1 32 -1 -1 -1 -1 -1 -1 -1 -1 -1 -1 -1 -1 -1 -1 -1 126 -1 -1 -1 -1 85 -1 -1 -1 278
-1 -1 -1 -1 -1 -1 -1 -1 -1 -1 -1 -1 -1 -1 -1 -1 -1 -1 -1 -1 -1 -1 -1 -1 131 -1 44 92 -1 131 -1 2 -1 -1 -1 -1 -1 -1 -1 -1 -1 -1 -1 -1 -1 239 -1 -1 -1 -1 -1 -1 177 -1 -1 -1 -1 -1 -1 -1 -1 -1 -1 -1 -1 -1 -1 -1 -1 -1 248 -1 21 115 -1 136 -1 -1 -1 -1 -1 245 -1 -1 -1 -1 -1 -1 -1 -1 -1 -1 93 217 -1 202 -1 -1 149 46
-1 -1 -1 -1 -1 -1 -1 -1 -1 -1 -1 -1 -1 -1 -1 -1 -1 -1 -1 -1 -1 -1 -1 -1 -1 73 -1 -1 -1 -1 -1 -1 -1 -1 -1 -1 -1 -1 -1 -1 -1 -1 295 232 -1 -1 103 255 -1 134 -1 -1 -1 -1 214 -1 -1 -1 -1 -1 121 -1 129 -1 -1 297 290 -1 -1 209 -1 -1 -1 -1 280 14 -1 -1 -1 -1 -1 41 118 -1 265 44 -1 -1 -1 -1 -1 -1 -1 122 -1 -1 -1 -1 -1 -1
-1 -1 -1 -1 -1 251 -1 -1 -1 -1 -1 -1 -1 -1 -1 -1 -1 -1 90 83 -1 -1 131 -1 -1 -1 -1 -1 -1 -1 -1 -1 -1 -1 -1 -1 211 -1 -1 -1 -1 -1 -1 -1 -1 276 -1 -1 -1 -1 -1 -1 -1 260 -1 256 -1 -1 -1 -1 194 -1 -1 -1 105 284 251 -1 -1 -1 -1 -1 -1 -1 -1 -1 -1 -1 -1 -1 -1 -1 -1 59 -1 -1 182 47 -1 -1 -1 -1 -1 -1 -1 -1 -1 -1 -1 254
-1 -1 -1 -1 -1 -1 -1 -1 173 -1 -1 -1 -1 -1 -1 -1 -1 -1 -1 -1 257 -1 -1 73 -1 -1 -1 -1 -1 -1 -1 60 -1 -1 -1 -1 201 -1 -1 257 220 -1 -1 -1 -1 -1 104 -1 211 220 -1 272 -1 -1 -1 172 -1 -1 -1 -1 -1 -1 -1 -1 -1 -1 -1 -1 -1 -1 -1 -1 -1 -1 276 -1 -1 -1 -1 -1 -1 -1 -1 -1 -1 -1 199 -1 -1 -1 -1 -1 295 -1 199 208 -1 133 -1 -1
-1 126 -1 -1 -1 -1 -1 -1 -1 158 -1 -1 -1 -1 -1 -1 -1 -1 -1 -1 -1 -1 44 -1 -1 -1 -1 -1 -1 -1 -1 -1 -1 -1 40 -1 -1 -1 -1 254 -1 -1 -1 239 -1 -1 -1 -1 -1 -1 223 -1 -1 -1 -1 -1 -1 -1 -1 165 -1 -1 -1 -1 -1 -1 -1 -1 -1 -1 50 -1 -1 -1 -1 135 -1 -1 -1 -1 -1 -1 -1 162 -1 -1 176 -1 -1 -1 -1 -1 -1 -1 -1 -1 162 -1 -1 -1
-1 -1 -1 -1 -1 -1 -1 -1 -1 91 -1 -1 -1 -1 -1 -1 -1 -1 -1 -1 -1 -1 92 -1 -1 -1 -1 -1 -1 -1 -1 -1 -1 -1 101 -1 216 -1 -1 155 -1 84 -1 -1 -1 279 -1 274 -1 -1 -1 -1 177 -1 -1 -1 215 -1 184 -1 -1 -1 290 -1 173 -1 -1 -1 -1 -1 -1 -1 -1 -1 -1 146 -1 -1 -1 -1 -1 -1 -1 -1 39 73 -1 -1 -1 -1 290 -1 243 -1 -1 -1 -1 173 -1 -1
-1 -1 -1 -1 -1 -1 -1 -1 -1 -1 284 -1 -1 -1 -1 -1 -1 -1 -1 -1 -1 -1 -1 -1 -1 -1 -1 -1 -1 -1 -1 -1 -1 -1 254 -1 -1 168 -1 -1 -1 -1 -1 199 -1 -1 -1 -1 140 -1 -1 -1 -1 -1 51 -1 -1 -1 -1 -1 -1 172 279 -1 -1 -1 -1 215 -1 -1 -1 220 -1 -1 -1 -1 -1 -1 -1 -1 -1 -1 146 -1 96 -1 102 -1 -1 -1 -1 -1 -1 -1 -1 -1 -1 -1 -1 -1
-1 -1 -1 -1 -1 -1 -1 -1 -1 -1 -1 -1 -1 -1 -1 285 -1 -1 -1 -1 -1 -1 131 -1 -1 -1 -1 -1 -1 -1 -1 -1 -1 -1 -1 -1 -1 -1 -1 -1 -1 81 256 215 -1 -1 -1 -1 -1 -1 -1 -1 -1 -1 -1 -1 -1 144 -1 -1 235 -1 -1 -1 -1 -1 -1 287 -1 271 -1 -1 -1 -1 -1 -1 273 -1 -1 -1 -1 -1 -1 141 -1 -1 -1 -1 -1 -1 -1 32 -1 -1 20 -1 -1 86 -1 -1
-1 209 -1 -1 -1 -1 -1 -1 -1 -1 124 -1 -1 -1 -1 -1 110 170 -1 -1 -1 -1 -1 -1 -1 -1 -1 -1 -1 -1 -1 -1 -1 162 295 -1 -1 -1 -1 -1 -1 -1 -1 -1 75 -1 -1 -1 140 -1 -1 -1 -1 -1 -1 -1 -1 -1 -1 -1 -1 -1 -1 -1 -1 -1 -1 -1 -1 -1 -1 -1 -1 -1 -1 -1 -1 126 -1 -1 -1 -1 199 283 -1 -1 -1 -1 -1 -1 -1 -1 -1 -1 -1 242 -1 -1 -1 -1
-1 -1 -1 -1 -1 -1 -1 -1 -1 -1 -1 -1 -1 -1 -1 -1 -1 -1 -1 220 -1 -1 2 -1 -1 60 -1 -1 -1 -1 -1 -1 -1 -1 -1 -1 -1 -1 225 -1 -1 183 -1 -1 -1 -1 -1 242 -1 -1 -1 -1 -1 -1 259 -1 -1 -1 -1 -1 -1 278 -1 296 290 160 -1 -1 -1 -1 -1 -1 -1 55 -1 -1 -1 -1 -1 -1 -1 -1 -1 -1 -1 -1 -1 255 -1 -1 -1 -1 -1 -1 -1 -1 15 -1 -1 -1
-1 -1 -1 -1 -1 -1 -1 -1 -1 -1 -1 -1 -1 -1 -1 224 48 74 18 -1 -1 242 -1 -1 -1 -1 -1 -1 -1 -1 -1 -1 -1 161 -1 -1 -1 -1 -1 -1 -1 -1 -1 -1 -1 -1 -1 -1 -1 -1 -1 -1 226 -1 -1 -1 -1 -1 -1 222 -1 -1 -1 -1 -1 230 -1 -1 -1 -1 -1 201 -1 43 -1 -1 -1 -1 262 -1 -1 -1 -1 -1 183 -1 -1 -1 99 -1 188 -1 172 -1 -1 -1 -1 149 -1 -1
-1 -1 -1 -1 -1 -1 -1 -1 -1 -1 -1 -1 -1 -1 -1 -1 -1 -1 -1 -1 -1 283 -1 -1 -1 -1 -1 -1 -1 -1 162 -1 161 -1 -1 181 -1 242 -1 167 -1 -1 -1 -1 -1 -1 -1 -1 -1 -1 -1 -1 -1 -1 -1 -1 -1 -1 -1 -1 -1 -1 -1 4 -1 -1 -1 240 71 -1 -1 -1 -1 -1 -1 -1 -1 -1 -1 -1 -1 -1 -1 -1 -1 -1 -1 -1 -1 -1 103 -1 153 -1 -1 -1 -1 3 -1 -1
-1 122 -1 -1 -1 -1 -1 -1 -1 -1 -1 -1 -1 -1 131 -1 -1 -1 -1 -1 -1 194 -1 -1 -1 -1 40 101 254 -1 295 -1 -1 -1 -1 98 43 -1 255 -1 258 -1 -1 -1 -1 -1 -1 -1 -1 -1 -1 -1 8 -1 275 -1 -1 -1 -1 -1 -1 -1 143 -1 -1 -1 -1 -1 -1 -1 -1 -1 -1 9 -1 -1 225 -1 -1 30 112 -1 -1 146 -1 -1 26 -1 -1 -1 -1 -1 -1 -1 -1 -1 80 -1 24 -1
-1 -1 -1 -1 -1 -1 -1 165 207 85 -1 -1 -1 -1 -1 -1 -1 -1 -1 -1 -1 -1 -1 -1 -1 -1 -1 -1 -1 -1 -1 -1 -1 181 98 -1 -1 -1 -1 -1 -1 11 47 -1 131 -1 -1 -1 -1 -1 -1 -1 -1 -1 -1 -1 284 -1 -1 -1 -1 -1 -1 -1 -1 -1 -1 -1 -1 -1 -1 291 -1 142 -1 -1 282 -1 74 -1 -1 -1 -1 -1 -1 -1 -1 251 -1 -1 -1 -1 -1 -1 -1 -1 131 211 -1 -1
230 -1 -1 -1 -1 -1 -1 -1 266 -1 -1 -1 -1 87 -1 -1 -1 -1 -1 -1 -1 -1 -1 -1 211 201 -1 216 -1 -1 -1 -1 -1 -1 43 -1 -1 138 75 -1 -1 -1 -1 -1 -1 -1 -1 -1 -1 -1 -1 -1 -1 -1 -1 -1 -1 -1 -1 -1 178 183 41 -1 -1 141 -1 -1 -1 -1 -1 -1 -1 4 -1 -1 -1 -1 -1 -1 -1 -1 -1 34 256 -1 -1 -1 259 -1 96 287 -1 -1 -1 -1 -1 -1 -1 -1
-1 -1 -1 -1 22 -1 -1 -1 -1 -1 -1 -1 193 131 -1 -1 -1 -1 -1 -1 -1 -1 -1 -1 -1 -1 -1 -1 168 -1 -1 -1 -1 242 -1 -1 138 -1 -1 -1 117 -1 -1 -1 -1 -1 -1 -1 -1 -1 -1 -1 -1 220 -1 -1 -1 196 -1 -1 -1 -1 -1 -1 -1 -1 -1 -1 -1 -1 -1 -1 -1 -1 120 -1 -1 -1 -1 66 -1 -1 -1 68 -1 154 -1 -1 -1 -1 -1 -1 -1 -1 -1 -1 -1 -1 -1 -1
-1 119 174 -1 -1 -1 -1 -1 -1 -1 -1 298 -1 -1 -1 -1 294 -1 238 -1 -1 -1 -1 -1 -1 -1 -1 -1 -1 -1 -1 225 -1 -1 255 -1 75 -1 -1 -1 146 -1 -1 -1 -1 -1 -1 -1 -1 -1 206 -1 -1 -1 186 -1 -1 -1 73 -1 2 -1 -1 -1 -1 -1 -1 -1 -1 149 170 -1 152 -1 48 -1 -1 158 -1 -1 -1 194 152 -1 -1 -1 -1 -1 -1 -1 -1 -1 -1 -1 97 -1 -1 292 158 -1
-1 -1 -1 239 -1 -1 -1 -1 -1 -1 -1 -1 2 -1 86 -1 -1 -1 -1 -1 -1 -1 -1 -1 -1 257 254 155 -1 -1 -1 -1 -1 167 -1 -1 -1 -1 -1 -1 147 165 80 87 -1 -1 -1 -1 172 231 -1 -1 -1 254 -1 -1 -1 -1 -1 -1 -1 -1 -1 -1 -1 -1 196 -1 -1 -1 -1 -1 61 40 -1 29 -1 -1 -1 -1 -1 -1 -1 294 -1 -1 -1 -1 -1 95 -1 -1 -1 -1 -1 -1 -1 214 -1 -1
-1 -1 -1 126 -1 -1 -1 -1 -1 -1 165 -1 -1 -1 -1 -1 -1 250 -1 -1 -1 -1 -1 -1 -1 220 -1 -1 -1 -1 -1 -1 -1 -1 258 -1 -1 117 146 147 -1 -1 293 -1 -1 -1 -1 -1 163 -1 -1 -1 -1 -1 -1 -1 -1 -1 77 -1 -1 -1 127 -1 -1 231 -1 -1 -1 -1 298 -1 -1 -1 -1 -1 -1 -1 -1 143 119 -1 -1 -1 -1 -1 -1 -1 -1 -1 -1 257 -1 -1 -1 142 158 219 -1 222
-1 -1 -1 -1 -1 -1 -1 -1 -1 -1 -1 -1 -1 -1 -1 94 -1 240 -1 -1 -1 -1 -1 -1 -1 -1 -1 84 -1 81 -1 183 -1 -1 -1 11 -1 -1 -1 165 -1 -1 -1 -1 162 295 -1 98 36 -1 8 -1 -1 -1 -1 -1 -1 -1 -1 -1 -1 -1 -1 245 -1 -1 -1 -1 -1 -1 -1 -1 -1 -1 -1 -1 -1 263 -1 -1 -1 65 -1 -1 -1 -1 -1 108 44 -1 153 -1 240 -1 -1 3 54 93 88 -1
-1 -1 -1 -1 -1 -1 -1 -1 -1 -1 -1 151 -1 129 -1 -1 -1 -1 266 -1 -1 -1 -1 295 -1 -1 -1 -1 -1 256 -1 -1 -1 -1 -1 47 -1 -1 -1 80 293 -1 -1 -1 179 -1 -1 -1 290 -1 137 -1 -1 -1 -1 -1 -1 -1 -1 -1 75 37 -1 -1 -1 -1 -1 37 -1 -1 -1 41 -1 -1 -1 -1 -1 -1 78 -1 -1 -1 -1 -1 -1 -1 -1 -1 -1 -1 11 -1 -1 -1 -1 -1 80 159 -1 -1
-1 -1 -1 -1 -1 -1 -1 -1 -1 43 -1 -1 -1 -1 -1 -1 -1 -1 -1 -1 118 -1 -1 232 -1 -1 239 -1 199 215 -1 -1 -1 -1 -1 -1 -1 -1 -1 87 -1 -1 -1 -1 -1 -1 -1 -1 -1 -1 -1 -1 -1 -1 -1 -1 -1 -1 -1 201 -1 -1 -1 -1 -1 -1 -1 -1 -1 -1 -1 -1 53 -1 296 -1 -1 -1 -1 -1 -1 -1 -1 20 -1 -1 -1 -1 -1 108 -1 -1 -1 279 -1 -1 -1 -1 178 -1
-1 -1 -1 -1 -1 -1 -1 -1 -1 297 143 -1 -1 -1 -1 -1 -1 -1 -1 -1 -1 -1 -1 -1 -1 -1 -1 -1 -1 -1 75 -1 -1 -1 -1 131 -1 -1 -1 -1 -1 162 179 -1 -1 -1 -1 -1 -1 124 -1 -1 219 -1 -1 -1 -1 -1 -1 274 -1 58 -1 -1 -1 -1 -1 -1 -1 -1 -1 -1 -1 -1 -1 182 -1 -1 -1 194 -1 -1 -1 -1 35 -1 -1 251 -1 -1 -1 209 -1 40 -1 75 -1 -1 -1 -1
-1 -1 -1 -1 -1 -1 -1 -1 -1 -1 -1 -1 -1 -1 -1 -1 -1 -1 -1 -1 -1 -1 239 -1 276 -1 -1 279 -1 -1 -1 -1 -1 -1 -1 -1 -1 -1 -1 -1 -1 295 -1 -1 -1 -1 234 -1 -1 -1 -1 -1 -1 -1 44 -1 -1 -1 -1 -1 -1 -1 -1 -1 -1 -1 -1 -1 -1 -1 -1 -1 181 -1 -1 209 30 -1 -1 -1 -1 -1 -1 -1 174 126 -1 -1 -1 -1 -1 5 -1 -1 289 -1 51 -1 -1 106
-1 -1 -1 -1 -1 123 -1 231 -1 139 -1 245 -1 -1 -1 -1 -1 -1 -1 -1 -1 11 -1 103 -1 104 -1 -1 -1 -1 -1 -1 -1 -1 -1 -1 -1 -1 -1 -1 -1 -1 -1 -1 -1 234 -1 -1 -1 -1 -1 -1 -1 -1 -1 13 -1 -1 -1 -1 -1 -1 -1 -1 298 82 -1 239 248 117 -1 -1 -1 -1 -1 25 -1 236 289 -1 -1 -1 -1 -1 105 -1 -1 48 218 -1 -1 -1 -1 -1 3 -1 -1 -1 -1 -1
-1 -1 -1 -1 -1 -1 -1 -1 -1 -1 -1 -1 -1 -1 -1 28 -1 -1 32 -1 -1 -1 -1 255 -1 -1 -1 274 -1 -1 -1 242 -1 -1 -1 -1 -1 -1 -1 -1 -1 98 -1 -1 -1 -1 -1 -1 -1 -1 -1 -1 -1 -1 -1 133 -1 -1 -1 -1 -1 -1 55 -1 -1 -1 -1 4 -1 -1 158 -1 -1 -1 -1 -1 272 -1 -1 -1 -1 -1 186 -1 -1 -1 -1 -1 -1 214 -1 -1 -1 -1 -1 -1 -1 -1 -1 -1
-1 -1 -1 -1 27 -1 -1 -1 -1 -1 -1 -1 -1 -1 -1 -1 -1 -1 -1 -1 -1 -1 -1 -1 -1 211 -1 -1 140 -1 140 -1 -1 -1 -1 -1 -1 -1 -1 172 163 36 290 -1 -1 -1 -1 -1 -1 -1 -1 299 -1 -1 -1 -1 -1 -1 -1 -1 -1 -1 137 -1 -1 -1 -1 -1 -1 -1 -1 -1 118 -1 235 -1 -1 -1 -1 -1 29 -1 -1 -1 -1 -1 186 240 -1 -1 116 -1 -1 -1 -1 -1 -1 -1 69 -1
-1 -1 27 -1 -1 -1 -1 249 -1 -1 -1 205 -1 155 -1 -1 -1 -1 -1 -1 -1 -1 -1 134 -1 220 -1 -1 -1 -1 -1 -1 -1 -1 -1 -1 -1 -1 -1 231 -1 -1 -1 -1 124 -1 -1 -1 -1 -1 164 254 -1 -1 -1 -1 -1 -1 -1 -1 -1 -1 -1 -1 -1 -1 -1 -1 235 -1 233 -1 225 -1 -1 -1 -1 189 -1 196 75 -1 177 -1 -1 -1 -1 -1 241 -1 -1 -1 -1 -1 174 -1 -1 -1 -1 -1
134 -1 -1 -1 -1 -1 211 -1 214 -1 -1 -1 -1 71 -1 246 -1 -1 -1 -1 -1 -1 -1 -1 -1 -1 223 -1 -1 -1 -1 -1 -1 -1 -1 -1 -1 -1 206 -1 -1 8 137 -1 -1 -1 -1 -1 -1 164 -1 233 -1 -1 -1 -1 -1 -1 -1 -1 -1 144 287 -1 -1 -1 -1 -1 49 -1 -1 -1 -1 -1 -1 -1 -1 -1 239 -1 -1 -1 -1 248 -1 -1 -1 -1 220 -1 -1 127 -1 -1 -1 53 -1 -1 -1 -1
-1 296 -1 -1 -1 -1 -1 -1 -1 -1 94 -1 -1 -1 96 -1 -1 -1 -1 -1 -1 -1 -1 -1 -1 272 -1 -1 -1 -1 -1 -1 -1 -1 -1 -1 -1 -1 -1 -1 -1 -1 -1 -1 -1 -1 -1 -1 299 254 233 -1 -1 -1 -1 -1 -1 -1 298 -1 -1 -1 -1 -1 -1 -1 -1 150 -1 -1 -1 76 -1 50 -1 -1 131 -1 -1 107 -1 143 -1 -1 -1 94 -1 145 -1 -1 -1 -1 -1 -1 -1 -1 -1 -1 296 -1
-1 -1 -1 -1 -1 -1 -1 -1 -1 257 -1 -1 -1 -1 -1 -1 -1 -1 -1 -1 -1 -1 177 -1 -1 -1 -1 177 -1 -1 -1 -1 226 -1 8 -1 -1 -1 -1 -1 -1 -1 -1 -1 219 -1 -1 -1 -1 -1 -1 -1 -1 -1 210 -1 193 -1 -1 170 -1 -1 151 -1 -1 -1 -1 -1 140 -1 -1 -1 -1 -1 -1 284 -1 -1 -1 -1 -1 -1 -1 -1 -1 5 284 -1 115 -1 -1 90 181 -1 -1 162 -1 143 -1 -1
-1 153 -1 34 -1 -1 -1 26 -1 106 -1 -1 -1 -1 -1 -1 -1 -1 -1 -1 -1 17 -1 -1 260 -1 -1 -1 -1 -1 -1 -1 -1 -1 -1 -1 -1 220 -1 254 -1 -1 -1 -1 -1 -1 -1 -1 -1 -1 -1 -1 -1 -1 91 -1 -1 -1 -1 -1 236 95 -1 117 -1 258 -1 -1 -1 287 -1 286 -1 -1 -1 -1 168 -1 124 -1 -1 -1 55 -1 -1 261 -1 -1 256 -1 66 -1 -1 161 -1 88 1 129 -1 90
-1 -1 -1 -1 -1 -1 -1 -1 -1 -1 -1 -1 -1 -1 -1 -1 -1 -1 -1 -1 -1 -1 -1 214 -1 -1 -1 -1 51 -1 -1 259 -1 -1 275 -1 -1 -1 186 -1 -1 -1 -1 -1 -1 44 -1 -1 -1 -1 -1 -1 210 91 -1 -1 -1 115 -1 -1 29 -1 10 -1 -1 -1 -1 -1 -1 -1 -1 -1 -1 -1 -1 -1 -1 214 -1 115 -1 -1 -1 189 -1 -1 178 233 52 -1 -1 256 13 -1 -1 -1 -1 -1 61 -1
-1 -1 -1 177 -1 -1 49 -1 12 83 -1 -1 -1 -1 -1 -1 -1 -1 -1 -1 -1 -1 -1 -1 256 172 -1 -1 -1 -1 -1 -1 -1 -1 -1 -1 -1 -1 -1 -1 -1 -1 -1 -1 -1 -1 13 133 -1 -1 -1 -1 -1 -1 -1 -1 -1 -1 -1 -1 -1 25 -1 -1 202 -1 -1 -1 -1 61 -1 172 -1 240 -1 -1 131 -1 80 -1 54 -1 -1 -1 296 -1 11 -1 -1 274 -1 -1 -1 -1 -1 275 -1 -1 287 -1
98 -1 147 -1 -1 -1 -1 -1 -1 -1 -1 -1 -1 -1 -1 143 -1 -1 -1 -1 -1 -1 -1 -1 -1 -1 -1 215 -1 -1 -1 -1 -1 -1 -1 284 -1 -1 -1 -1 -1 -1 -1 -1 -1 -1 -1 -1 -1 -1 -1 -1 193 -1 -1 -1 -1 -1 -1 -1 -1 271 244 -1 -1 210 -1 -1 -1 266 -1 -1 -1 -1 -1 292 -1 58 -1 -1 -1 214 -1 -1 -1 -1 -1 -1 209 -1 237 -1 -1 -1 -1 -1 -1 -1 -1 15
-1 -1 -1 229 -1 -1 -1 273 -1 -1 -1 -1 -1 250 -1 -1 -1 -1 -1 -1 -1 -1 -1 -1 -1 -1 -1 -1 -1 144 -1 -1 -1 -1 -1 -1 -1 196 -1 -1 -1 -1 -1 -1 -1 -1 -1 -1 -1 -1 -1 -1 -1 -1 115 -1 -1 -1 86 -1 -1 -1 -1 -1 -1 296 -1 -1 -1 -1 -1 274 -1 -1 -1 -1 -1 -1 -1 -1 -1 -1 -1 -1 -1 -1 -1 261 264 -1 -1 -1 -1 -1 -1 -1 -1 -1 -1 200
-1 -1 -1 -1 -1 -1 -1 -1 -1 -1 -1 -1 -1 -1 -1 -1 7 -1 108 -1 30 -1 -1 -1 -1 -1 -1 184 -1 -1 -1 -1 -1 -1 -1 -1 -1 -1 73 -1 77 -1 -1 -1 -1 -1 -1 -1 -1 -1 -1 298 -1 -1 -1 -1 -1 86 -1 -1 -1 -1 154 -1 -1 299 187 -1 -1 -1 -1 -1 -1 160 -1 -1 -1 -1 -1 167 81 160 -1 -1 -1 28 -1 -1 188 -1 209 -1 146 -1 -1 -1 -1 -1 -1 -1
60 -1 -1 253 -1 -1 -1 -1 -1 -1 -1 -1 155 -1 -1 -1 204 271 -1 -1 -1 -1 -1 -1 -1 -1 165 -1 -1 -1 -1 -1 222 -1 -1 -1 -1 -1 -1 -1 -1 -1 -1 201 274 -1 -1 -1 -1 -1 -1 -1 170 -1 -1 -1 -1 -1 -1 -1 -1 -1 271 -1 -1 -1 -1 -1 141 -1 -1 -1 -1 -1 -1 -1 192 -1 23 -1 -1 -1 -1 -1 2 -1 103 -1 -1 243 146 78 274 180 -1 -1 -1 -1 -1 -1
-1 -1 139 9 74 -1 -1 -1 -1 -1 -1 -1 -1 142 -1 -1 -1 -1 -1 -1 -1 -1 -1 121 194 -1 -1 -1 -1 235 -1 -1 -1 -1 -1 -1 178 -1 2 -1 -1 -1 75 -1 -1 -1 -1 -1 -1 -1 -1 -1 -1 236 29 -1 -1 -1 -1 -1 -1 -1 -1 284 -1 -1 -1 -1 30 -1 -1 -1 -1 253 -1 -1 -1 -1 -1 -1 -1 77 -1 -1 -1 -1 -1 196 15 -1 -1 -1 284 -1 258 110 56 14 -1 -1
-1 -1 -1 -1 -1 -1 -1 140 -1 -1 -1 -1 -1 -1 -1 -1 -1 -1 246 -1 -1 -1 -1 -1 -1 -1 -1 -1 172 -1 -1 278 -1 -1 -1 -1 183 -1 -1 -1 -1 -1 37 -1 58 -1 -1 -1 -1 -1 144 -1 -1 95 -1 25 271 -1 -1 -1 -1 -1 -1 218 -1 -1 -1 -1 150 -1 -1 202 -1 -1 -1 279 -1 -1 -1 -1 -1 -1 28 -1 -1 75 252 -1 -1 -1 -1 14 -1 -1 -1 -1 230 212 246 -1
-1 -1 -1 -1 -1 247 -1 -1 -1 -1 -1 -1 -1 -1 -1 233 -1 -1 -1 -1 -1 -1 -1 129 -1 -1 -1 290 279 -1 -1 -1 -1 -1 143 -1 41 -1 -1 -1 127 -1 -1 -1 -1 -1 -1 55 137 -1 287 -1 151 -1 10 -1 244 -1 154 271 -1 -1 -1 -1 -1 -1 -1 -1 220 -1 -1 -1 -1 -1 -1 213 -1 275 285 1 -1 -1 -1 205 104 -1 24 -1 -1 -1 -1 -1 -1 -1 -1 -1 -1 -1 71 2
119 -1 -1 -1 -1 -1 -1 -1 -1 -1 -1 -1 -1 200 -1 -1 -1 -1 -1 130 -1 -1 -1 -1 -1 -1 -1 -1 -1 -1 -1 296 -1 4 -1 -1 -1 -1 -1 -1 -1 245 -1 -1 -1 -1 -1 -1 -1 -1 -1 -1 -1 117 -1 -1 -1 -1 -1 -1 284 218 -1 -1 -1 180 -1 -1 228 -1 -1 -1 -1 115 -1 232 -1 -1 -1 -1 -1 81 -1 85 -1 -1 152 -1 257 -1 64 -1 236 218 267 -1 178 -1 -1 -1
-1 -1 -1 -1 -1 -1 -1 -1 -1 -1 -1 -1 -1 -1 -1 -1 -1 -1 -1 -1 -1 -1 -1 -1 105 -1 -1 173 -1 -1 -1 290 -1 -1 -1 -1 -1 -1 -1 -1 -1 -1 -1 -1 -1 -1 298 -1 -1 -1 -1 -1 -1 -1 -1 202 -1 -1 -1 -1 -1 -1 -1 -1 -1 -1 -1 -1 15 141 -1 97 -1 -1 212 -1 128 -1 106 -1 17 -1 -1 39 -1 -1 -1 233 -1 -1 71 -1 -1 -1 64 -1 5 -1 -1 -1
-1 -1 -1 -1 -1 -1 -1 -1 155 -1 -1 -1 -1 -1 -1 -1 -1 -1 -1 -1 176 -1 -1 297 284 -1 -1 -1 -1 -1 -1 160 230 -1 -1 -1 141 -1 -1 -1 231 -1 -1 -1 -1 -1 82 -1 -1 -1 -1 -1 -1 258 -1 -1 210 296 299 -1 -1 -1 -1 180 -1 -1 -1 -1 -1 -1 -1 -1 -1 -1 -1 149 -1 -1 241 -1 247 146 -1 -1 -1 -1 43 -1 3 -1 29 -1 136 -1 54 198 69 57 -1 -1
224 -1 -1 -1 -1 -1 68 -1 -1 -1 -1 -1 -1 246 -1 -1 -1 177 -1 -1 -1 -1 -1 290 251 -1 -1 -1 -1 -1 -1 -1 -1 -1 -1 -1 -1 -1 -1 196 -1 -1 -1 -1 -1 -1 -1 -1 -1 -1 -1 -1 -1 -1 -1 -1 -1 -1 187 -1 -1 -1 -1 -1 -1 -1 -1 -1 -1 109 -1 -1 11 169 125 -1 222 -1 -1 -1 -1 123 -1 6 -1 28 272 153 -1 -1 -1 -1 -1 52 33 -1 -1 -1 -1 -1
-1 -1 -1 -1 215 234 219 -1 -1 299 -1 -1 -1 -1 -1 -1 -1 -1 -1 -1 218 -1 -1 -1 -1 -1 -1 -1 215 287 -1 -1 -1 240 -1 -1 -1 -1 -1 -1 -1 -1 37 -1 -1 -1 239 4 -1 -1 -1 150 -1 -1 -1 -1 -1 -1 -1 -1 -1 -1 -1 -1 -1 -1 -1 -1 94 -1 235 -1 -1 -1 -1 -1 -1 -1 210 -1 -1 271 -1 -1 -1 -1 -1 -1 22 -1 -1 14 -1 -1 -1 -1 -1 -1 -1 -1
36 -1 -1 -1 -1 -1 -1 128 -1 -1 2 -1 261 -1 213 -1 -1 -1 -1 -1 167 289 -1 -1 -1 -1 -1 -1 -1 -1 -1 -1 -1 71 -1 -1 -1 -1 -1 -1 -1 -1 -1 -1 -1 -1 248 -1 -1 235 49 -1 140 -1 -1 -1 -1 -1 -1 141 30 150 220 228 15 -1 -1 94 -1 -1 -1 -1 -1 -1 -1 -1 -1 67 -1 -1 -1 83 -1 108 -1 142 180 -1 -1 230 -1 161 -1 72 -1 279 -1 -1 161 283
-1 -1 -1 66 158 -1 -1 -1 -1 -1 -1 69 158 -1 -1 -1 -1 -1 -1 -1 -1 -1 -1 209 -1 -1 -1 -1 -1 271 -1 -1 -1 -1 -1 -1 -1 -1 149 -1 -1 -1 -1 -1 -1 -1 117 -1 -1 -1 -1 -1 -1 287 -1 61 266 -1 -1 -1 -1 -1 -1 -1 141 -1 109 -1 -1 -1 -1 204 -1 -1 -1 -1 -1 -1 -1 121 -1 -1 7 247 -1 176 -1 -1 -1 -1 -1 -1 -1 -1 167 -1 -1 -1 -1 -1
-1 -1 -1 -1 -1 -1 -1 -1 -1 -1 -1 -1 -1 -1 139 -1 253 -1 -1 -1 -1 -1 248 -1 -1 -1 50 -1 -1 -1 -1 -1 -1 -1 -1 -1 -1 -1 170 -1 298 -1 -1 -1 -1 -1 -1 158 -1 233 -1 -1 -1 -1 -1 -1 -1 -1 -1 -1 -1 -1 -1 -1 -1 -1 -1 235 -1 -1 -1 -1 -1 265 -1 -1 -1 155 -1 -1 236 -1 151 -1 -1 -1 -1 298 153 267 -1 228 -1 127 -1 -1 -1 -1 138 -1
-1 -1 -1 -1 -1 -1 -1 -1 -1 300 158 -1 -1 -1 -1 -1 -1 -1 -1 49 -1 -1 -1 -1 -1 -1 -1 -1 220 -1 -1 -1 201 -1 -1 291 -1 -1 -1 -1 -1 -1 41 -1 -1 -1 -1 -1 -1 -1 -1 76 -1 286 -1 172 -1 274 -1 -1 -1 202 -1 -1 97 -1 -1 -1 -1 204 -1 -1 -1 -1 -1 -1 160 -1 -1 96 -1 -1 -1 -1 -1 -1 74 234 39 -1 -1 295 -1 -1 -1 60 47 -1 -1 -1
-1 -1 59 -1 -1 -1 -1 -1 -1 -1 -1 -1 -1 -1 -1 -1 -1 -1 -1 -1 -1 -1 21 -1 -1 -1 -1 -1 -1 -1 -1 -1 -1 -1 -1 -1 -1 -1 152 61 -1 -1 -1 53 -1 181 -1 -1 118 225 -1 -1 -1 -1 -1 -1 -1 -1 -1 -1 -1 -1 -1 -1 -1 -1 11 -1 -1 -1 -1 -1 -1 -1 20 21 -1 -1 -1 -1 -1 -1 66 143 134 -1 -1 -1 211 -1 146 -1 -1 -1 -1 -1 134 -1 269 -1
-1 -1 -1 -1 -1 -1 -1 -1 -1 -1 161 -1 -1 -1 -1 -1 -1 -1 -1 -1 -1 -1 115 -1 -1 -1 -1 -1 -1 -1 -1 55 43 -1 9 142 4 -1 -1 40 -1 -1 -1 -1 -1 -1 -1 -1 -1 -1 -1 50 -1 -1 -1 240 -1 -1 160 -1 253 -1 -1 115 -1 -1 169 -1 -1 -1 265 -1 -1 -1 -1 -1 -1 276 -1 -1 -1 -1 218 -1 182 263 149 -1 -1 109 -1 -1 -1 -1 -1 132 97 -1 -1 -1
-1 -1 -1 -1 -1 -1 3 -1 91 -1 87 -1 -1 -1 -1 -1 -1 -1 246 -1 -1 32 -1 280 -1 276 -1 -1 -1 -1 -1 -1 -1 -1 -1 -1 -1 120 48 -1 -1 -1 -1 296 -1 -1 -1 -1 235 -1 -1 -1 -1 -1 -1 -1 -1 -1 -1 -1 -1 -1 -1 -1 212 -1 125 -1 -1 -1 -1 -1 20 -1 -1 -1 79 -1 257 -1 225 -1 -1 190 191 172 -1 -1 -1 70 -1 -1 -1 192 115 -1 41 297 -1 -1
-1 -1 -1 -1 260 -1 -1 -1 -1 -1 202 -1 -1 67 -1 -1 -1 -1 -1 -1 -1 -1 136 14 -1 -1 135 146 -1 -1 -1 -1 -1 -1 -1 -1 -1 -1 -1 29 -1 -1 -1 -1 182 209 25 -1 -1 -1 -1 -1 284 -1 -1 -1 292 -1 -1 -1 -1 279 213 232 -1 149 -1 -1 -1 -1 -1 -1 21 -1 -1 -1 103 -1 230 -1 -1 -1 -1 -1 57 -1 272 -1 98 251 -1 -1 -1 -1 206 -1 -1 -1 -1 194
-1 -1 107 -1 -1 -1 -1 -1 -1 -1 -1 -1 -1 -1 -1 63 172 -1 -1 73 -1 -1 -1 -1 -1 -1 -1 -1 -1 273 -1 -1 -1 -1 225 282 -1 -1 -1 -1 -1 -1 -1 -1 -1 30 -1 272 -1 -1 -1 131 -1 168 -1 131 -1 -1 -1 192 -1 -1 -1 -1 128 -1 222 -1 -1 -1 -1 160 -1 -1 79 103 -1 -1 -1 -1 -1 -1 145 -1 -1 188 181 133 257 -1 -1 -1 124 197 -1 -1 -1 -1 190 48
-1 -1 -1 -1 -1 -1 -1 -1 -1 -1 -1 -1 -1 -1 -1 -1 -1 -1 -1 -1 -1 -1 -1 -1 -1 -1 -1 -1 -1 -1 126 -1 -1 -1 -1 -1 -1 -1 158 -1 -1 263 -1 -1 -1 -1 236 -1 -1 189 -1 -1 -1 -1 214 -1 58 -1 -1 -1 -1 -1 275 -1 -1 -1 -1 -1 67 -1 155 -1 -1 276 -1 -1 -1 -1 -1 -1 -1 -1 -1 -1 196 -1 -1 -1 108 -1 -1 -1 -1 65 150 -1 248 127 -1 200
-1 -1 -1 -1 -1 -1 -1 -1 -1 63 -1 83 -1 -1 -1 -1 -1 -1 -1 -1 -1 -1 -1 -1 -1 -1 -1 -1 -1 -1 -1 -1 262 -1 -1 74 -1 -1 -1 -1 -1 -1 78 -1 -1 -1 289 -1 -1 -1 239 -1 -1 124 -1 80 -1 -1 -1 23 -1 -1 285 -1 106 241 -1 210 -1 -1 -1 -1 -1 -1 257 230 -1 -1 -1 -1 -1 94 -1 -1 54 215 152 -1 -1 -1 95 256 230 269 -1 292 290 36 61 296
-1 -1 219 -1 -1 -1 -1 -1 227 -1 -1 -1 -1 -1 -1 -1 -1 -1 -1 -1 -1 -1 -1 -1 -1 -1 -1 -1 -1 -1 -1 -1 -1 -1 30 -1 -1 66 -1 -1 143 -1 -1 -1 194 -1 -1 -1 -1 196 -1 107 -1 -1 115 -1 -1 -1 167 -1 -1 -1 1 -1 -1 -1 -1 -1 -1 121 -1 96 -1 -1 -1 -1 -1 -1 -1 -1 -1 190 -1 197 266 -1 -1 -1 132 94 -1 29 -1 -1 157 -1 -1 215 -1 -1
-1 -1 -1 -1 -1 -1 -1 -1 -1 -1 -1 -1 -1 -1 -1 -1 -1 -1 -1 -1 -1 -1 -1 -1 -1 -1 -1 -1 -1 -1 -1 -1 -1 -1 112 -1 -1 -1 -1 -1 119 -1 -1 -1 -1 -1 -1 -1 29 75 -1 -1 -1 -1 -1 54 -1 -1 81 -1 -1 -1 -1 -1 17 247 -1 -1 -1 -1 236 -1 -1 -1 225 -1 -1 -1 -1 -1 -1 45 105 171 118 215 -1 -1 299 -1 5 -1 -1 159 -1 -1 -1 240 48 74
31 -1 -1 -1 51 -1 -1 -1 -1 -1 -1 -1 -1 -1 -1 -1 -1 -1 189 -1 -1 -1 245 41 -1 -1 -1 -1 -1 -1 -1 -1 -1 -1 -1 -1 -1 -1 194 -1 -1 65 -1 -1 -1 -1 -1 -1 -1 -1 -1 143 -1 -1 -1 -1 214 -1 160 -1 77 -1 -1 81 -1 146 123 271 83 -1 -1 -1 -1 -1 -1 -1 -1 -1 94 190 45 -1 -1 -1 79 -1 103 -1 250 27 -1 269 280 75 -1 244 176 117 -1 -1
-1 -1 -1 -1 -1 -1 -1 -1 74 -1 -1 -1 -1 -1 -1 -1 -1 -1 -1 -1 -1 -1 -1 118 -1 -1 -1 -1 146 -1 199 -1 -1 -1 -1 -1 -1 -1 152 -1 -1 -1 -1 -1 -1 -1 -1 186 -1 177 -1 -1 -1 55 -1 -1 -1 -1 -1 -1 -1 28 -1 -1 -1 -1 -1 -1 -1 7 151 -1 66 218 -1 -1 145 -1 -1 -1 105 -1 -1 91 183 -1 163 -1 -1 39 -1 96 -1 163 -1 136 -1 -1 165 67
-1 -1 -1 142 -1 -1 -1 -1 -1 297 -1 298 -1 24 -1 -1 -1 -1 -1 -1 216 -1 -1 -1 59 -1 162 -1 -1 141 283 -1 -1 -1 146 -1 34 68 -1 294 -1 -1 -1 20 -1 -1 -1 -1 -1 -1 248 -1 -1 -1 189 -1 -1 -1 -1 -1 -1 -1 205 85 39 -1 6 -1 108 247 -1 -1 143 -1 190 -1 -1 -1 -1 197 171 -1 91 -1 -1 69 246 225 -1 -1 -1 -1 -1 251 -1 230 124 19 -1 263
-1 -1 -1 -1 -1 -1 -1 -1 -1 -1 -1 -1 -1 -1 -1 -1 -1 -1 69 -1 -1 -1 -1 265 -1 -1 -1 39 96 -1 -1 -1 183 -1 -1 -1 256 -1 -1 -1 -1 -1 -1 -1 35 174 105 -1 -1 -1 -1 -1 -1 -1 -1 296 -1 -1 -1 2 -1 -1 104 -1 -1 -1 -1 -1 -1 -1 -1 -1 134 182 191 57 -1 196 54 266 118 79 183 -1 -1 192 113 -1 -1 172 106 114 71 144 11 171 206 -1 136 -1
-1 -1 -1 -1 -1 -1 -1 295 -1 -1 -1 -1 -1 -1 238 -1 -1 -1 -1 -1 -1 -1 -1 44 -1 -1 -1 73 -1 -1 -1 -1 -1 -1 -1 -1 -1 154 -1 -1 -1 -1 -1 -1 -1 126 -1 -1 -1 -1 -1 94 5 261 -1 -1 -1 -1 28 -1 -1 75 -1 -1 -1 -1 28 -1 142 176 -1 -1 -1 263 172 -1 188 -1 215 -1 215 -1 -1 69 192 -1 -1 61 150 152 159 -1 243 34 268 50 -1 -1 -1 76
185 -1 -1 276 -1 -1 -1 -1 -1 -1 175 295 -1 287 235 -1 -1 -1 -1 111 -1 -1 -1 -1 182 199 176 -1 102 -1 -1 -1 -1 -1 26 -1 -1 -1 -1 -1 -1 -1 -1 -1 -1 -1 -1 -1 186 -1 -1 -1 284 -1 178 11 -1 -1 -1 103 -1 252 24 152 -1 43 272 -1 180 -1 -1 74 -1 149 -1 272 181 -1 152 -1 -1 103 163 246 113 -1 -1 182 -1 -1 -1 54 141 -1 268 -1 -1 206 67 231
-1 -1 -1 -1 -1 -1 -1 -1 -1 -1 -1 -1 -1 155 -1 -1 -1 183 -1 33 -1 -1 -1 -1 47 -1 -1 -1 -1 -1 -1 255 -1 -1 -1 251 -1 -1 -1 -1 -1 108 -1 -1 251 -1 48 -1 240 -1 -1 145 -1 -1 233 -1 -1 261 -1 -1 196 -1 -1 -1 233 -1 153 -1 -1 -1 298 234 -1 -1 -1 -1 133 -1 -1 -1 -1 -1 -1 225 -1 61 182 -1 141 105 -1 142 -1 -1 -1 146 148 -1 290 -1
-1 -1 -1 -1 -1 -1 -1 -1 -1 -1 -1 -1 -1 -1 -1 -1 -1 -1 44 -1 -1 -1 -1 -1 -1 -1 -1 -1 -1 -1 -1 -1 99 -1 -1 -1 259 -1 -1 -1 -1 44 -1 -1 -1 -1 218 -1 -1 241 220 -1 115 256 52 -1 209 264 188 -1 15 -1 -1 257 -1 3 -1 22 -1 -1 153 39 211 -1 -1 98 257 108 -1 132 299 250 -1 -1 -1 150 -1 141 -1 104 239 -1 -1 54 224 166 182 213 117 -1
-1 -1 -1 -1 -1 -1 -1 -1 -1 -1 -1 -1 -1 -1 -1 -1 -1 -1 -1 -1 82 -1 -1 -1 -1 -1 -1 -1 -1 -1 -1 -1 -1 -1 -1 -1 -1 -1 -1 95 -1 -1 -1 108 -1 -1 -1 214 -1 -1 -1 -1 -1 -1 -1 274 -1 -1 -1 243 -1 -1 -1 -1 -1 -1 -1 -1 230 -1 267 -1 -1 109 70 251 -1 -1 -1 94 -1 27 39 -1 172 152 -1 105 104 -1 -1 127 128 24 105 94 283 -1 -1 137
-1 193 -1 -1 -1 -1 -1 -1 -1 -1 300 -1 -1 261 -1 -1 -1 168 -1 -1 -1 126 -1 -1 -1 -1 -1 290 -1 -1 -1 -1 188 103 -1 -1 96 -1 -1 -1 -1 153 11 -1 -1 -1 -1 -1 116 -1 -1 -1 -1 66 -1 -1 237 -1 209 146 -1 -1 -1 64 71 29 -1 -1 -1 -1 -1 -1 146 -1 -1 -1 -1 -1 95 -1 5 -1 -1 -1 106 159 -1 -1 239 -1 -1 266 10 -1 -1 -1 -1 -1 171 53
-1 -1 22 -1 -1 -1 -1 -1 -1 -1 20 -1 -1 -1 -1 -1 -1 -1 -1 -1 131 -1 -1 -1 -1 -1 -1 -1 -1 32 -1 -1 -1 -1 -1 -1 287 -1 -1 -1 257 -1 -1 -1 209 5 -1 -1 -1 -1 127 -1 90 -1 256 -1 -1 -1 -1 78 -1 14 -1 -1 -1 -1 -1 14 161 -1 228 295 -1 -1 -1 -1 -1 -1 256 29 -1 269 96 -1 114 -1 54 142 -1 127 266 -1 204 -1 -1 100 24 28 36 253
-1 87 -1 -1 -1 144 -1 -1 -1 -1 -1 -1 -1 -1 -1 -1 132 -1 131 -1 151 -1 93 -1 -1 295 -1 243 -1 -1 -1 -1 172 153 -1 -1 -1 -1 -1 -1 -1 240 -1 -1 -1 -1 -1 -1 -1 -1 -1 -1 181 -1 13 -1 -1 -1 146 274 284 -1 -1 236 -1 136 -1 -1 -1 -1 -1 -1 -1 -1 -1 -1 124 -1 230 -1 -1 280 -1 -1 71 243 141 -1 -1 128 10 204 -1 261 -1 43 200 22 15 26
-1 -1 -1 251 -1 -1 -1 -1 99 -1 -1 -1 -1 -1 -1 -1 -1 113 135 -1 -1 -1 217 122 -1 -1 -1 -1 -1 -1 -1 -1 -1 -1 -1 -1 -1 -1 -1 -1 -1 -1 -1 279 40 -1 -1 -1 -1 -1 -1 -1 -1 161 -1 -1 -1 -1 -1 180 -1 -1 -1 218 -1 -1 52 -1 72 -1 127 -1 -1 -1 192 -1 197 65 269 -1 159 75 163 251 144 34 -1 -1 54 24 -1 -1 261 -1 169 31 106 6 237 135
-1 -1 -1 -1 -1 -1 -1 -1 -1 -1 -1 -1 -1 -1 -1 -1 221 206 -1 -1 -1 -1 -1 -1 -1 199 -1 -1 -1 20 -1 -1 -1 -1 -1 -1 -1 -1 97 -1 -1 -1 -1 -1 -1 289 3 -1 -1 174 -1 -1 -1 -1 -1 -1 -1 -1 -1 -1 258 -1 -1 267 64 54 33 -1 -1 167 -1 -1 -1 -1 115 206 -1 150 -1 157 -1 -1 -1 -1 11 268 268 -1 224 105 -1 -1 -1 169 -1 42 71 243 188 10
-1 59 -1 -1 180 -1 -1 -1 -1 -1 -1 -1 19 -1 -1 -1 -1 -1 -1 -1 -1 85 202 -1 -1 208 -1 -1 -1 -1 242 -1 -1 -1 -1 -1 -1 -1 -1 -1 142 3 -1 -1 75 -1 -1 -1 -1 -1 53 -1 162 88 -1 275 -1 -1 -1 -1 110 -1 -1 -1 -1 198 -1 -1 279 -1 -1 60 -1 132 -1 -1 -1 -1 292 -1 -1 244 136 230 171 50 -1 146 166 94 -1 100 43 31 42 -1 186 202 100 46
-1 -1 -1 -1 42 -1 -1 -1 -1 -1 -1 -1 -1 281 -1 -1 -1 -1 -1 -1 -1 -1 -1 -1 -1 -1 162 -1 -1 -1 -1 15 -1 -1 80 131 -1 -1 -1 -1 158 54 80 -1 -1 51 -1 -1 -1 -1 -1 -1 -1 1 -1 -1 -1 -1 -1 -1 56 230 -1 178 5 69 -1 -1 -1 -1 -1 47 134 97 41 -1 -1 248 290 -1 -1 176 -1 124 206 -1 -1 148 182 283 -1 24 200 106 71 186 -1 284 70 118
-1 -1 171 -1 -1 -1 -1 -1 -1 -1 114 33 -1 -1 -1 -1 -1 -1 -1 -1 -1 -1 -1 -1 -1 133 -1 173 -1 86 -1 -1 149 3 -1 211 -1 -1 292 214 219 93 159 -1 -1 -1 -1 -1 -1 -1 -1 -1 143 129 -1 -1 -1 -1 -1 -1 14 212 -1 -1 -1 57 -1 -1 -1 -1 -1 -1 -1 -1 297 -1 -1 127 36 215 240 117 -1 19 -1 -1 206 -1 213 -1 -1 28 22 6 243 202 284 -1 157 216
-1 -1 -1 -1 -1 -1 20 -1 -1 -1 -1 -1 258 -1 -1 -1 -1 -1 -1 -1 43 -1 149 -1 -1 -1 -1 -1 -1 -1 -1 -1 -1 -1 24 -1 -1 -1 158 -1 -1 88 -1 178 -1 -1 -1 -1 69 -1 -1 296 -1 -1 61 287 -1 -1 -1 -1 -1 246 71 -1 -1 -1 -1 -1 161 -1 138 -1 269 -1 -1 -1 190 -1 61 -1 48 -1 165 -1 136 -1 67 290 117 -1 171 36 15 237 188 100 70 157 -1 145
-1 -1 -1 148 -1 -1 -1 -1 -1 -1 -1 -1 54 -1 -1 193 -1 -1 -1 -1 -1 278 46 -1 254 -1 -1 -1 -1 -1 -1 -1 -1 -1 -1 -1 -1 -1 -1 -1 222 -1 -1 -1 -1 106 -1 -1 -1 -1 -1 -1 -1 90 -1 -1 15 200 -1 -1 -1 -1 2 -1 -1 -1 -1 -1 283 -1 -1 -1 -1 -1 -1 194 48 200 296 -1 74 -1 67 263 -1 76 231 -1 -1 137 53 253 26 135 10 46 118 216 145 -1
